seed = 324342
count = 24239
%f sequence:
0.538420
0.229282
0.541411
0.501088
0.791317
0.660412
0.544912
0.339999
0.354862
0.163255
0.830817
0.544949
0.962289
0.187473
0.853634
0.020107
0.933530
0.845112
0.798997
0.745001
0.235928
0.235072
0.862297
0.633573
0.461601
0.133580
0.076598
0.384070
0.063400
0.559783
0.278803
0.836588
0.528871
0.735305
0.270610
0.145371
0.258386
0.689834
0.047699
0.675140
0.086233
0.324931
0.119708
0.938230
0.837573
0.084647
0.667738
0.679496
0.296040
0.548132
0.449246
0.476125
0.235368
0.834398
0.721918
0.278397
0.021041
0.635293
0.374103
0.555125
0.993275
0.964727
0.168072
0.782202
0.475896
0.385961
0.841762
0.488591
0.752360
0.922553
0.340539
0.432574
0.265269
0.376767
0.329166
0.287756
0.320184
0.339445
0.058826
0.683103
0.918799
0.256653
0.561966
0.969299
0.011208
0.371246
0.531420
0.578400
0.167388
0.288921
0.893261
0.035342
0.987578
0.219133
0.961585
0.351169
0.101282
0.243821
0.902714
0.920405
0.246044
0.255134
0.034995
0.164149
0.844807
0.664656
0.878308
0.720803
0.530377
0.038771
0.619607
0.734982
0.834508
0.576181
0.868853
0.812002
0.317799
0.251827
0.460346
0.038971
0.987771
0.469025
0.896573
0.705605
0.109913
0.306389
0.485878
0.150243
0.140858
0.408361
0.325342
0.018324
0.973891
0.193664
0.912632
0.611293
0.005959
0.149359
0.283733
0.700542
0.006795
0.209588
0.550888
0.773972
0.141798
0.206944
0.108310
0.367893
0.182947
0.785958
0.589726
0.520145
0.083694
0.649555
0.077731
0.416736
0.075025
0.941038
0.023223
0.301630
0.491572
0.843871
0.936432
0.620055
0.263080
0.586007
0.023942
0.385599
0.757229
0.750577
0.950673
0.963990
0.779485
0.802755
0.898839
0.791285
0.131412
0.642736
0.465061
0.275145
0.360144
0.941495
0.705250
0.138346
0.184809
0.091411
0.347685
0.542110
0.235438
0.000902
0.166165
0.740460
0.905904
0.526495
0.802907
0.461083
0.421594
0.735424
0.274826
0.999848
0.447320
0.108868
0.745692
0.838371
0.506777
0.395950
0.739797
0.768487
0.967087
0.826288
0.428398
0.078421
0.018851
0.822142
0.739267
0.866141
0.232292
0.128793
0.617687
0.468442
0.104627
0.465046
0.022259
0.111134
0.822324
0.802187
0.363371
0.175581
0.985772
0.870954
0.116644
0.438584
0.281775
0.784351
0.588196
0.811869
0.074144
0.130260
0.282185
0.677801
0.808917
0.468447
0.193041
0.447438
0.095584
0.481674
0.493805
0.384115
0.826400
0.310287
0.997269
0.096599
0.539614
0.285339
0.697290
0.345484
0.544287
0.834953
0.048735
0.096670
0.728791
0.794559
0.147970
0.939779
0.862176
0.588519
0.242946
0.196074
0.421176
0.706632
0.371135
0.660433
0.891691
0.647853
0.471083
0.491951
0.214340
0.407536
0.462189
0.004212
0.798080
0.327633
0.527082
0.665142
0.042518
0.600647
0.067515
0.720939
0.820357
0.732506
0.225671
0.846282
0.462640
0.596182
0.029468
0.270428
0.087554
0.523794
0.401216
0.230605
0.786113
0.199421
0.664064
0.922775
0.077395
0.780278
0.138458
0.055257
0.702013
0.730452
0.713088
0.875809
0.713720
0.500128
0.655738
0.991824
0.585775
0.114913
0.338093
0.322558
0.227836
0.231370
0.638154
0.452069
0.921485
0.402312
0.665243
0.732270
0.266796
0.034603
0.577672
0.930750
0.115630
0.393534
0.132978
0.953142
0.465880
0.045509
0.862240
0.660607
0.815317
0.035530
0.150847
0.293882
0.276315
0.020140
0.496066
0.386710
0.442741
0.140534
0.946651
0.364508
0.288177
0.392827
0.249364
0.054861
0.055422
0.474645
0.359582
0.499372
0.940745
0.097384
0.733150
0.057835
0.037339
0.564878
0.897772
0.852081
0.921858
0.659072
0.023822
0.384678
0.280161
0.671484
0.623345
0.561004
0.798072
0.187995
0.629866
0.154983
0.806864
0.967597
0.397712
0.350896
0.516078
0.726033
0.435021
0.402215
0.035730
0.512477
0.193872
0.407936
0.176705
0.876483
0.050177
0.328565
0.186911
0.414664
0.265330
0.401513
0.229456
0.470618
0.675208
0.217676
0.479888
0.469927
0.070502
0.931551
0.576296
0.813815
0.793885
0.818839
0.230712
0.577584
0.462202
0.233525
0.855272
0.563573
0.975947
0.745198
0.546677
0.007902
0.803719
0.105630
0.322208
0.343376
0.125372
0.130923
0.425479
0.022089
0.245133
0.947382
0.644410
0.602361
0.878775
0.569657
0.226585
0.215056
0.453359
0.612667
0.090578
0.351578
0.964053
0.836413
0.586430
0.130786
0.115651
0.748523
0.423972
0.699347
0.918564
0.301863
0.413013
0.510309
0.761145
0.561906
0.951222
0.181113
0.964119
0.946309
0.617856
0.299553
0.584110
0.134296
0.120981
0.331595
0.118386
0.721657
0.886051
0.857428
0.793950
0.912465
0.795076
0.842887
0.397037
0.996212
0.336133
0.390065
0.816024
0.907764
0.793185
0.054202
0.969886
0.879234
0.290644
0.858411
0.311588
0.861257
0.139227
0.991463
0.512035
0.767509
0.516145
0.842527
0.352802
0.546269
0.146250
0.021031
0.473475
0.698796
0.659484
0.943147
0.469326
0.967935
0.087718
0.269010
0.253474
0.131445
0.199637
0.299452
0.883056
0.527581
0.059807
0.184072
0.692102
0.161468
0.785761
0.290081
0.399438
0.346225
0.002036
0.213834
0.910025
0.782561
0.503218
0.582743
0.168544
0.714689
0.784909
0.960719
0.810824
0.516975
0.806296
0.416718
0.784103
0.418377
0.662186
0.358926
0.467823
0.692997
0.193959
0.860799
0.457082
0.181679
0.484717
0.640216
0.113383
0.636085
0.674775
0.948403
0.814580
0.645777
0.572269
0.131632
0.342770
0.927472
0.025292
0.089763
0.644490
0.944974
0.186331
0.662680
0.656717
0.434634
0.901774
0.116578
0.332757
0.649999
0.530352
0.617806
0.465058
0.235911
0.961212
0.092015
0.492139
0.376185
0.542408
0.256750
0.198859
0.229227
0.619950
0.504988
0.331892
0.111180
0.595914
0.523319
0.415838
0.989221
0.830587
0.672767
0.194689
0.142658
0.655713
0.568957
0.467544
0.003749
0.012815
0.375953
0.644039
0.363711
0.898637
0.387965
0.529625
0.401564
0.079243
0.843654
0.301092
0.449000
0.346526
0.058379
0.174931
0.062508
0.580042
0.768457
0.449458
0.048518
0.447993
0.417346
0.326535
0.080517
0.255396
0.432632
0.247306
0.475348
0.173784
0.789010
0.887600
0.900227
0.123179
0.270047
0.673211
0.651850
0.635646
0.296834
0.880907
0.410531
0.790462
0.299259
0.649803
0.241930
0.122286
0.265621
0.292681
0.085534
0.572777
0.661655
0.430369
0.212975
0.473277
0.363956
0.013343
0.248544
0.272163
0.249772
0.921546
0.416907
0.961022
0.895029
0.752598
0.913727
0.008669
0.700707
0.779795
0.020994
0.850621
0.395464
0.565522
0.731048
0.721504
0.320051
0.088981
0.499383
0.128312
0.532015
0.570302
0.066897
0.336951
0.140737
0.369044
0.523885
0.939520
0.509016
0.034612
0.717451
0.195646
0.226684
0.884891
0.355838
0.564210
0.682726
0.569352
0.096048
0.275728
0.162421
0.811935
0.191929
0.751776
0.101117
0.465593
0.224066
0.876316
0.246263
0.942896
0.246155
0.125151
0.411019
0.988623
0.790028
0.002829
0.548371
0.467312
0.108096
0.763389
0.270777
0.954373
0.143617
0.774050
0.459798
0.828156
0.822594
0.343360
0.849563
0.607731
0.138319
0.732790
0.994919
0.606696
0.745090
0.730874
0.794137
0.057311
0.229872
0.462688
0.403597
0.256920
0.049098
0.187064
0.988609
0.544632
0.635482
0.543493
0.492425
0.191367
0.298101
0.186836
0.151175
0.804812
0.478298
0.752158
0.527810
0.904167
0.334834
0.559996
0.858169
0.249382
0.356161
0.997190
0.768339
0.472361
0.972478
0.431500
0.221019
0.667020
0.610867
0.844447
0.627857
0.389264
0.355975
0.878969
0.825098
0.421866
0.293666
0.644934
0.407206
0.915805
0.936049
0.173952
0.610792
0.574040
0.887934
0.510944
0.431961
0.969923
0.494136
0.951583
0.257365
0.535153
0.317566
0.324579
0.192869
0.555110
0.727522
0.467593
0.833751
0.858323
0.831583
0.407830
0.394774
0.958265
0.563604
0.490578
0.143995
0.130244
0.005976
0.446182
0.985886
0.787991
0.771699
0.939834
0.796989
0.988086
0.765050
0.202432
0.271082
0.067684
0.568274
0.977674
0.771590
0.106116
0.493227
0.661096
0.039141
0.838706
0.133725
0.514105
0.565112
0.829787
0.226071
0.569360
0.237251
0.480502
0.793644
0.777615
0.378426
0.213416
0.880082
0.542815
0.089820
0.605545
0.390745
0.253080
0.522929
0.875169
0.965838
0.839511
0.667216
0.893505
0.133542
0.434961
0.390047
0.516665
0.587368
0.889611
0.686656
0.623055
0.690357
0.834074
0.282991
0.224065
0.857987
0.184763
0.315231
0.087546
0.384281
0.608604
0.810132
0.888861
0.090647
0.497608
0.305446
0.634952
0.642548
0.302894
0.747224
0.585764
0.942193
0.430646
0.868702
0.278074
0.591208
0.427871
0.224434
0.056049
0.009932
0.927722
0.224922
0.266880
0.460380
0.605765
0.085926
0.162063
0.797777
0.241706
0.353146
0.324540
0.547538
0.475250
0.535075
0.012315
0.978423
0.359655
0.720708
0.938736
0.330334
0.920838
0.516302
0.494203
0.065416
0.452298
0.773397
0.487041
0.692273
0.026349
0.850800
0.396298
0.573479
0.457316
0.106987
0.130823
0.733958
0.628400
0.511241
0.435719
0.128621
0.734461
0.078828
0.859536
0.215095
0.104764
0.765850
0.632755
0.719358
0.246757
0.247409
0.203927
0.398900
0.314102
0.107638
0.068886
0.762827
0.826251
0.807767
0.131821
0.516801
0.866680
0.297341
0.402665
0.594226
0.156745
0.412704
0.321794
0.389882
0.746741
0.470313
0.542769
0.314665
0.576856
0.217214
0.709414
0.124667
0.281518
0.478870
0.362494
0.433996
0.170319
0.553779
0.359806
0.258306
0.356550
0.533186
0.263662
0.367059
0.163900
0.670644
0.511501
0.802136
0.507542
0.255372
0.032579
0.561727
0.953699
0.813641
0.858902
0.569832
0.167625
0.274312
0.354966
0.911142
0.559657
0.148371
0.672202
0.692906
0.665594
0.635380
0.827343
0.149317
0.567526
0.414473
0.052551
0.218716
0.955458
0.380912
0.994879
0.938974
0.335619
0.751600
0.140831
0.954917
0.288972
0.757167
0.702548
0.725463
0.855295
0.940319
0.941993
0.074198
0.046728
0.357176
0.061030
0.739365
0.511948
0.313760
0.371997
0.153929
0.090797
0.031920
0.477389
0.483569
0.352317
0.391412
0.454063
0.432253
0.878215
0.154895
0.318187
0.770301
0.442562
0.133353
0.261548
0.842324
0.937437
0.507826
0.028487
0.772661
0.113206
0.661556
0.765325
0.811623
0.952190
0.465690
0.849118
0.119571
0.624153
0.138988
0.969797
0.372682
0.661040
0.100704
0.537143
0.766356
0.152737
0.043975
0.090632
0.247274
0.937755
0.843117
0.259428
0.210039
0.118690
0.816670
0.775359
0.455809
0.781733
0.580623
0.539131
0.170310
0.400906
0.032190
0.019548
0.543523
0.990738
0.333875
0.444571
0.899386
0.973949
0.155165
0.856057
0.747546
0.009266
0.735544
0.295610
0.319822
0.252721
0.490231
0.311926
0.538200
0.520773
0.623575
0.430377
0.343605
0.970499
0.172389
0.342695
0.666503
0.919942
0.471461
0.852535
0.553217
0.920148
0.928204
0.331264
0.556319
0.051766
0.028857
0.005722
0.175364
0.341048
0.986091
0.229309
0.989448
0.644846
0.929196
0.004514
0.870952
0.096538
0.518006
0.131702
0.512162
0.909163
0.305719
0.216524
0.126803
0.169718
0.451752
0.592080
0.087787
0.443067
0.631686
0.752644
0.681877
0.311038
0.607475
0.831594
0.592579
0.475800
0.777501
0.458618
0.993984
0.894548
0.665454
0.286483
0.917138
0.346388
0.738033
0.114578
0.707795
0.906230
0.003443
0.867814
0.354792
0.994465
0.977536
0.446133
0.151587
0.728238
0.488747
0.377121
0.276713
0.719864
0.761917
0.544749
0.594923
0.870284
0.863311
0.672995
0.034729
0.684562
0.429469
0.090786
0.843649
0.204358
0.641939
0.064743
0.142748
0.171876
0.726965
0.108586
0.000556
0.345882
0.244325
0.362315
0.430987
0.594857
0.769231
0.469586
0.338242
0.840919
0.325766
0.156341
0.618954
0.760956
0.389503
0.371873
0.074972
0.050444
0.812159
0.949596
0.858460
0.128857
0.694783
0.224997
0.531489
0.730801
0.580541
0.150193
0.290586
0.879982
0.851928
0.350692
0.075685
0.029743
0.891438
0.390723
0.885836
0.243759
0.851030
0.267048
0.269663
0.226356
0.371933
0.085567
0.130414
0.860598
0.065181
0.493525
0.671710
0.424941
0.989292
0.038485
0.820376
0.053301
0.828069
0.352834
0.072898
0.192476
0.947557
0.582202
0.073434
0.204173
0.528327
0.597260
0.143788
0.637993
0.740302
0.261734
0.958620
0.522382
0.679412
0.879366
0.498487
0.063059
0.839795
0.439423
0.375203
0.034803
0.939403
0.540731
0.070120
0.512551
0.439368
0.463079
0.963284
0.917127
0.161106
0.712436
0.914180
0.624572
0.174651
0.363666
0.133570
0.911485
0.331353
0.057917
0.417950
0.488395
0.454634
0.028603
0.726373
0.154336
0.929346
0.515057
0.562633
0.171792
0.307325
0.206119
0.239952
0.881152
0.529596
0.917589
0.913962
0.966135
0.835584
0.655806
0.129402
0.866357
0.859704
0.052068
0.106050
0.383487
0.260426
0.982480
0.543250
0.403296
0.196280
0.873755
0.207258
0.392205
0.790180
0.560174
0.836024
0.062392
0.625203
0.785885
0.374502
0.253167
0.978501
0.667621
0.710476
0.966997
0.316331
0.579856
0.632399
0.731598
0.973494
0.505531
0.454246
0.504737
0.114622
0.447888
0.645628
0.065131
0.658890
0.955831
0.650961
0.704624
0.609219
0.136909
0.027249
0.979203
0.466929
0.683703
0.996924
0.307974
0.113831
0.165279
0.841565
0.180909
0.542344
0.178417
0.659333
0.416724
0.887474
0.769483
0.697281
0.209868
0.257494
0.705930
0.559249
0.305980
0.604011
0.605449
0.780157
0.091658
0.503675
0.264521
0.796051
0.228557
0.355645
0.323420
0.726185
0.983905
0.497520
0.821457
0.228791
0.294985
0.816780
0.620269
0.858608
0.624334
0.176222
0.760006
0.419303
0.228287
0.811898
0.561296
0.699883
0.935465
0.355263
0.905610
0.583000
0.485178
0.381740
0.900365
0.440982
0.580619
0.456195
0.264369
0.251307
0.716742
0.285133
0.233025
0.458940
0.404471
0.940558
0.958767
0.002434
0.899870
0.116284
0.386891
0.476320
0.502596
0.125587
0.742143
0.197070
0.163040
0.213055
0.807767
0.135288
0.788041
0.599838
0.479349
0.418551
0.593146
0.997510
0.149774
0.250102
0.458835
0.638161
0.571765
0.660417
0.630110
0.260360
0.874399
0.028591
0.534964
0.134652
0.089981
0.308781
0.674308
0.086972
0.737146
0.211738
0.687755
0.096996
0.219287
0.551377
0.994493
0.436028
0.324375
0.778177
0.828916
0.591817
0.663134
0.291465
0.651573
0.983260
0.658672
0.297129
0.839609
0.306183
0.010946
0.977694
0.110988
0.373837
0.073629
0.482717
0.023158
0.222780
0.270552
0.161417
0.933047
0.721912
0.177163
0.579751
0.880451
0.734647
0.210910
0.756199
0.442616
0.052959
0.083193
0.223287
0.786588
0.190989
0.951839
0.562111
0.396303
0.668538
0.115291
0.689230
0.895325
0.724823
0.106677
0.915150
0.926570
0.862766
0.514375
0.095061
0.690791
0.120189
0.017618
0.110869
0.371304
0.499777
0.748927
0.213903
0.069744
0.183546
0.855466
0.817942
0.150551
0.305879
0.903184
0.813330
0.631537
0.244989
0.527641
0.054148
0.060055
0.348287
0.660728
0.863275
0.054704
0.417928
0.108503
0.610397
0.946263
0.848970
0.632632
0.650441
0.969386
0.469276
0.124253
0.314156
0.015278
0.769252
0.823252
0.399351
0.889824
0.266578
0.375032
0.165625
0.660118
0.607193
0.097157
0.912246
0.125824
0.718596
0.442621
0.137562
0.006683
0.316820
0.794514
0.404825
0.900643
0.114412
0.923893
0.862685
0.145496
0.346688
0.786307
0.460215
0.831191
0.835425
0.985660
0.987608
0.731768
0.818246
0.255378
0.143573
0.030639
0.948378
0.389812
0.563863
0.849013
0.354372
0.933726
0.136593
0.725792
0.386120
0.511360
0.422740
0.994577
0.858502
0.843522
0.067908
0.324994
0.168285
0.371086
0.838640
0.029322
0.822207
0.831281
0.333721
0.842898
0.581700
0.630323
0.843710
0.239927
0.458990
0.249766
0.810904
0.867196
0.968582
0.958114
0.022163
0.487710
0.938930
0.590204
0.566506
0.267524
0.281752
0.406212
0.208424
0.985121
0.934370
0.948417
0.050138
0.670124
0.781257
0.583303
0.571081
0.161062
0.974151
0.560011
0.107713
0.331757
0.831859
0.056646
0.051704
0.986017
0.990066
0.032997
0.586919
0.350007
0.574608
0.435471
0.957918
0.721008
0.980209
0.369633
0.423209
0.878533
0.501690
0.909677
0.947502
0.663739
0.456306
0.141586
0.642095
0.698113
0.188476
0.717057
0.571454
0.432027
0.073817
0.636078
0.571068
0.941173
0.288456
0.072879
0.873606
0.703454
0.954560
0.291109
0.668619
0.474199
0.858461
0.158628
0.064530
0.547643
0.236591
0.377373
0.501286
0.107913
0.691969
0.923509
0.423704
0.192594
0.935564
0.021920
0.403746
0.758783
0.865371
0.296016
0.134931
0.780183
0.537535
0.343003
0.855331
0.552717
0.510839
0.679449
0.502251
0.327969
0.179442
0.886495
0.318314
0.898924
0.221719
0.424489
0.383079
0.408322
0.675894
0.749588
0.333045
0.488417
0.821737
0.940093
0.149616
0.597424
0.909384
0.014651
0.237401
0.000201
0.384537
0.911096
0.788399
0.625501
0.790121
0.557005
0.585416
0.083404
0.768593
0.746928
0.623917
0.168350
0.456822
0.812914
0.644460
0.437708
0.564592
0.103722
0.248416
0.126142
0.062112
0.919778
0.716133
0.053455
0.410301
0.930653
0.492903
0.217003
0.169868
0.976139
0.974108
0.828856
0.584469
0.171346
0.819235
0.875793
0.446599
0.983881
0.090486
0.804171
0.707195
0.818924
0.658297
0.990906
0.162208
0.228139
0.328747
0.251874
0.243257
0.421608
0.966177
0.534972
0.267168
0.287810
0.218096
0.538341
0.901836
0.154089
0.771180
0.225141
0.943740
0.439401
0.008553
0.752504
0.341268
0.699351
0.990582
0.712590
0.493188
0.008823
0.285264
0.424338
0.855780
0.094237
0.849645
0.990338
0.603973
0.969009
0.127225
0.266858
0.074947
0.632774
0.035019
0.560366
0.076869
0.939698
0.499887
0.594964
0.558144
0.719511
0.824763
0.794823
0.597058
0.752356
0.842105
0.263614
0.565467
0.800563
0.062334
0.647689
0.716146
0.269760
0.851690
0.350548
0.665249
0.837911
0.763860
0.195242
0.437153
0.222921
0.626727
0.401764
0.448926
0.096028
0.950589
0.556551
0.944430
0.030848
0.469665
0.660680
0.044057
0.468268
0.186432
0.364594
0.732588
0.612394
0.500812
0.147259
0.978457
0.925196
0.772817
0.734923
0.847517
0.214180
0.726066
0.985215
0.508722
0.089880
0.616751
0.730662
0.238735
0.413225
0.066079
0.587508
0.239149
0.382959
0.385621
0.129162
0.820883
0.582400
0.394209
0.476908
0.400167
0.600136
0.479225
0.334507
0.053230
0.634289
0.499395
0.326287
0.911904
0.362532
0.080634
0.216989
0.932314
0.409656
0.085763
0.421402
0.500512
0.103164
0.873999
0.295042
0.762792
0.250411
0.651928
0.959030
0.416044
0.451653
0.937288
0.000938
0.764953
0.565093
0.513500
0.389438
0.291474
0.809470
0.758136
0.996047
0.563540
0.418624
0.807767
0.136079
0.073357
0.915976
0.803012
0.228042
0.708023
0.749016
0.715110
0.859039
0.862817
0.371871
0.032819
0.587917
0.121893
0.659985
0.374119
0.814679
0.312480
0.859632
0.841047
0.474864
0.038351
0.573613
0.711232
0.674594
0.907561
0.385450
0.265102
0.567312
0.814743
0.378432
0.306377
0.285930
0.622832
0.936087
0.814791
0.187960
0.049032
0.078036
0.557878
0.248056
0.077188
0.294883
0.099886
0.781071
0.452262
0.168943
0.429049
0.026424
0.100710
0.638753
0.521460
0.176635
0.698638
0.007675
0.994390
0.718007
0.543736
0.564665
0.327907
0.126162
0.399429
0.198447
0.305520
0.874140
0.678234
0.071584
0.115862
0.286300
0.844960
0.239954
0.913648
0.674492
0.190886
0.229310
0.015705
0.954125
0.985052
0.775707
0.305034
0.704608
0.352694
0.722827
0.551604
0.803829
0.955189
0.858453
0.015539
0.159149
0.815537
0.736229
0.793971
0.270482
0.991195
0.008351
0.347322
0.433487
0.624112
0.446033
0.482497
0.321849
0.319709
0.356737
0.671827
0.388992
0.791840
0.460906
0.446932
0.589831
0.292755
0.340406
0.210190
0.663410
0.933872
0.579055
0.170254
0.450676
0.503181
0.954959
0.996406
0.589375
0.623227
0.569538
0.218652
0.880130
0.351897
0.334821
0.328148
0.182733
0.197317
0.304653
0.300549
0.321403
0.822650
0.284105
0.954774
0.878670
0.801477
0.420261
0.327034
0.463655
0.641787
0.517448
0.749615
0.774030
0.116628
0.159222
0.040427
0.452375
0.071737
0.685329
0.325988
0.872684
0.206116
0.192595
0.945996
0.361791
0.625640
0.139409
0.044099
0.168611
0.845404
0.706851
0.039644
0.288634
0.063601
0.934741
0.187646
0.764073
0.766610
0.418327
0.821571
0.148177
0.411376
0.999627
0.730523
0.892514
0.488944
0.680170
0.616359
0.145649
0.922244
0.162394
0.348880
0.627156
0.607283
0.607411
0.759224
0.284848
0.434553
0.536425
0.691748
0.206274
0.841234
0.621949
0.092955
0.296537
0.891730
0.306732
0.242853
0.637210
0.592996
0.482952
0.979208
0.549318
0.381999
0.254151
0.517912
0.554540
0.148633
0.080240
0.589784
0.495608
0.690533
0.785703
0.312873
0.459672
0.710090
0.487914
0.363804
0.447060
0.744736
0.775805
0.954214
0.478864
0.261792
0.937276
0.796638
0.102531
0.243762
0.910456
0.033473
0.580874
0.756808
0.673567
0.642669
0.340184
0.480393
0.962790
0.616684
0.602984
0.353454
0.509165
0.544520
0.754571
0.066869
0.865342
0.805161
0.347934
0.725586
0.918561
0.247407
0.173083
0.008477
0.473527
0.567468
0.433203
0.844673
0.423419
0.401917
0.024686
0.892098
0.484993
0.277418
0.568236
0.345538
0.464441
0.864242
0.322071
0.051330
0.705661
0.045054
0.230543
0.743406
0.419906
0.366988
0.965699
0.498355
0.847884
0.384239
0.909028
0.041863
0.595926
0.731304
0.032558
0.200658
0.457843
0.962101
0.035066
0.353334
0.485564
0.870943
0.931253
0.571458
0.502902
0.280026
0.397876
0.106663
0.681275
0.182847
0.108923
0.672482
0.411705
0.533426
0.285923
0.503284
0.696373
0.943494
0.307195
0.029480
0.476465
0.951365
0.589506
0.824589
0.860898
0.105652
0.695987
0.456600
0.079955
0.802574
0.855970
0.293869
0.048959
0.847395
0.161457
0.600378
0.554494
0.376171
0.300550
0.344483
0.727588
0.564200
0.514013
0.009253
0.512117
0.154834
0.299084
0.708755
0.051137
0.465075
0.508496
0.290835
0.069781
0.817584
0.126297
0.671909
0.773688
0.378083
0.443746
0.038823
0.498845
0.084715
0.803219
0.707951
0.538606
0.343872
0.451119
0.950714
0.656467
0.242980
0.761663
0.262512
0.036451
0.640218
0.150379
0.415209
0.421133
0.987577
0.205311
0.665851
0.952170
0.125149
0.376880
0.220791
0.839613
0.370954
0.617681
0.367341
0.899480
0.555494
0.179855
0.823961
0.307555
0.079835
0.788958
0.024610
0.622942
0.791117
0.295950
0.028243
0.679251
0.166950
0.921099
0.904125
0.628974
0.166884
0.814160
0.593983
0.079019
0.068175
0.814403
0.663547
0.229635
0.479215
0.168650
0.504424
0.846301
0.785799
0.922992
0.728827
0.393025
0.579554
0.567556
0.920464
0.233630
0.614006
0.603787
0.848346
0.144194
0.467501
0.297294
0.622830
0.905940
0.131231
0.596259
0.328724
0.858638
0.127092
0.032194
0.090298
0.645128
0.662851
0.531068
0.660397
0.290430
0.257279
0.092205
0.695566
0.371326
0.868047
0.259548
0.222339
0.851701
0.545902
0.979979
0.502358
0.129803
0.598255
0.877402
0.503586
0.768925
0.319350
0.318301
0.691385
0.102653
0.282555
0.898881
0.486721
0.316191
0.220456
0.198483
0.906327
0.635523
0.232003
0.266262
0.058376
0.126157
0.319013
0.647674
0.460834
0.244035
0.494869
0.265945
0.732430
0.951334
0.074390
0.270449
0.429801
0.671269
0.021955
0.000874
0.697405
0.284639
0.925131
0.676844
0.709222
0.900618
0.684306
0.133207
0.816598
0.568846
0.590389
0.665263
0.076286
0.141811
0.422146
0.002871
0.247438
0.685624
0.286685
0.310472
0.105957
0.826814
0.262827
0.328290
0.573360
0.467008
0.995160
0.652546
0.336209
0.657788
0.438485
0.613459
0.400204
0.224085
0.197847
0.213213
0.476347
0.969525
0.801565
0.911270
0.722591
0.589191
0.537070
0.536615
0.883161
0.290909
0.312703
0.596794
0.318725
0.816660
0.604196
0.724382
0.693336
0.902238
0.919649
0.532905
0.535150
0.260832
0.807152
0.809889
0.800303
0.697818
0.232451
0.807328
0.767990
0.611937
0.819027
0.388214
0.708984
0.895810
0.877349
0.600603
0.333542
0.844091
0.642030
0.605834
0.248612
0.415870
0.524443
0.305305
0.253936
0.901261
0.495723
0.617588
0.809126
0.988936
0.047055
0.855889
0.932526
0.971476
0.590836
0.181559
0.468801
0.136746
0.294492
0.535104
0.489763
0.441189
0.062335
0.672006
0.404054
0.935496
0.877650
0.658355
0.971441
0.005533
0.996535
0.769175
0.527980
0.763875
0.453395
0.211094
0.864473
0.201329
0.729090
0.817687
0.862694
0.303275
0.148497
0.789602
0.846874
0.418698
0.052621
0.405123
0.900300
0.347309
0.227028
0.657261
0.577634
0.292017
0.922126
0.176374
0.319761
0.220596
0.549806
0.593245
0.676102
0.243037
0.724001
0.280480
0.022474
0.719090
0.742658
0.855719
0.074188
0.872028
0.170669
0.439028
0.751120
0.081675
0.706803
0.242074
0.535719
0.836426
0.817097
0.944016
0.071312
0.543861
0.672760
0.083445
0.464537
0.481663
0.315982
0.714031
0.717875
0.320640
0.992868
0.124926
0.638889
0.800107
0.403653
0.188195
0.993585
0.175563
0.685106
0.583746
0.026981
0.476466
0.962815
0.029290
0.275175
0.866041
0.544121
0.033277
0.282874
0.259036
0.613215
0.311677
0.357408
0.955111
0.549696
0.740454
0.814750
0.505877
0.267720
0.562996
0.281580
0.517781
0.346181
0.262491
0.682081
0.740709
0.096995
0.195886
0.253391
0.734579
0.072134
0.350336
0.090210
0.165514
0.786313
0.566880
0.559706
0.980361
0.928308
0.072287
0.926518
0.989320
0.502605
0.274288
0.960118
0.698192
0.515547
0.790565
0.032307
0.982996
0.217661
0.231549
0.644372
0.958024
0.504215
0.339086
0.019874
0.021168
0.762508
0.476458
0.837303
0.557781
0.632623
0.493875
0.555934
0.584806
0.828364
0.305571
0.736755
0.641705
0.134591
0.074752
0.358440
0.307518
0.450509
0.703876
0.045047
0.107184
0.444789
0.568818
0.123609
0.488503
0.263660
0.330643
0.118572
0.839080
0.412437
0.836181
0.690448
0.356772
0.275052
0.795551
0.827654
0.378474
0.014523
0.088077
0.303595
0.517324
0.659966
0.053058
0.739996
0.115348
0.655270
0.130667
0.112163
0.127061
0.506333
0.934775
0.767924
0.501837
0.367619
0.573708
0.315622
0.658088
0.487401
0.745194
0.483237
0.762591
0.866977
0.287661
0.710981
0.460212
0.781713
0.253528
0.048813
0.401474
0.577293
0.558270
0.839315
0.360833
0.518761
0.819890
0.889678
0.813559
0.486094
0.789489
0.949269
0.371971
0.719386
0.718186
0.557616
0.846115
0.648247
0.081414
0.333185
0.848388
0.857912
0.924553
0.969046
0.762961
0.081388
0.895269
0.782990
0.717714
0.615072
0.511044
0.120649
0.746933
0.698901
0.431898
0.911414
0.139828
0.087362
0.285673
0.299060
0.306574
0.587280
0.418778
0.395517
0.448039
0.195114
0.288845
0.626226
0.988206
0.775152
0.973325
0.675218
0.391617
0.907229
0.798213
0.569684
0.683402
0.944213
0.380411
0.562217
0.181459
0.780324
0.911257
0.491071
0.438342
0.220429
0.748412
0.562744
0.040259
0.638866
0.420740
0.372448
0.731412
0.845740
0.349264
0.076468
0.190065
0.417561
0.941786
0.594070
0.533088
0.605372
0.482818
0.730207
0.587441
0.125402
0.634941
0.459035
0.004838
0.313629
0.157471
0.616010
0.275645
0.766541
0.258193
0.449084
0.748847
0.867721
0.780956
0.534496
0.280874
0.656504
0.856747
0.349622
0.098694
0.755747
0.845278
0.586648
0.795147
0.028824
0.449612
0.626290
0.049274
0.142317
0.920487
0.625504
0.842596
0.517875
0.919101
0.332538
0.972920
0.868273
0.058068
0.956277
0.139223
0.928781
0.025889
0.124483
0.187238
0.909723
0.708679
0.765938
0.118732
0.536117
0.518072
0.230657
0.653760
0.741690
0.581293
0.793700
0.718869
0.033593
0.598700
0.355498
0.860157
0.654282
0.520403
0.413649
0.193921
0.233446
0.519523
0.614658
0.548792
0.551232
0.563967
0.586694
0.557936
0.227808
0.766734
0.502747
0.675301
0.780453
0.076962
0.496269
0.787495
0.426285
0.565582
0.729826
0.179414
0.404453
0.642866
0.655920
0.042793
0.224802
0.248875
0.836321
0.040253
0.525360
0.728198
0.828460
0.928549
0.122496
0.784184
0.788399
0.615076
0.581787
0.090716
0.663440
0.437444
0.114957
0.083500
0.376114
0.345537
0.445885
0.988147
0.781852
0.591867
0.514541
0.892824
0.687758
0.155162
0.808128
0.210132
0.682273
0.962137
0.629048
0.413765
0.151492
0.122705
0.300737
0.478905
0.954050
0.717713
0.598597
0.624000
0.571446
0.288405
0.223866
0.522811
0.882497
0.129599
0.168427
0.757127
0.027187
0.935111
0.405227
0.644485
0.858775
0.429132
0.425661
0.084164
0.536282
0.285296
0.967175
0.316766
0.879385
0.822796
0.725925
0.613136
0.983589
0.183987
0.265566
0.374209
0.336869
0.754585
0.316773
0.998455
0.038704
0.505296
0.516243
0.504339
0.429048
0.002357
0.622012
0.152387
0.172304
0.917380
0.399140
0.345480
0.485386
0.881559
0.363081
0.295777
0.122562
0.907722
0.090189
0.803920
0.477425
0.089784
0.006311
0.068458
0.575981
0.516929
0.018869
0.136778
0.821426
0.711304
0.884895
0.437271
0.214896
0.756103
0.823974
0.539153
0.546062
0.661653
0.399314
0.271032
0.231358
0.440233
0.992945
0.418492
0.599126
0.514576
0.473407
0.555496
0.224778
0.850865
0.482105
0.731592
0.872901
0.850340
0.659039
0.474591
0.457319
0.165466
0.981176
0.616925
0.662185
0.348039
0.498759
0.645993
0.211625
0.781572
0.884854
0.742618
0.183896
0.738916
0.955565
0.184695
0.166602
0.075607
0.724774
0.280643
0.759300
0.562839
0.634593
0.596302
0.047740
0.366772
0.343647
0.678464
0.949167
0.644535
0.698787
0.511471
0.300497
0.461473
0.976640
0.393724
0.312878
0.545692
0.441920
0.346010
0.387404
0.091767
0.325153
0.843182
0.356317
0.625660
0.471411
0.008610
0.701984
0.242650
0.225829
0.507287
0.968298
0.183755
0.367573
0.794985
0.305702
0.928530
0.799274
0.405072
0.044197
0.823278
0.827649
0.295280
0.767835
0.003502
0.852692
0.201590
0.123816
0.968787
0.408056
0.194554
0.869787
0.503583
0.716128
0.965431
0.004798
0.637595
0.054869
0.183884
0.535900
0.865341
0.782637
0.782180
0.093468
0.923481
0.943298
0.008545
0.614072
0.700872
0.552412
0.387049
0.125694
0.543100
0.883651
0.526152
0.029512
0.007837
0.709491
0.412856
0.875296
0.092482
0.339608
0.790205
0.976552
0.909429
0.776744
0.729522
0.068450
0.441133
0.120839
0.939168
0.595005
0.241926
0.044523
0.306158
0.598199
0.937823
0.997506
0.083179
0.995062
0.013148
0.984188
0.255342
0.536701
0.327471
0.800484
0.741282
0.726740
0.315786
0.420742
0.405851
0.134692
0.769255
0.868027
0.927037
0.707872
0.203983
0.336397
0.831130
0.802368
0.392238
0.351894
0.290304
0.141209
0.299661
0.395366
0.924606
0.860697
0.731626
0.440141
0.446149
0.421581
0.518853
0.361152
0.889372
0.680870
0.373874
0.707088
0.019751
0.962332
0.905808
0.917981
0.498999
0.677239
0.353231
0.748955
0.688056
0.155101
0.776386
0.715059
0.988253
0.573895
0.456907
0.243191
0.306781
0.065945
0.334851
0.849126
0.258677
0.576799
0.267985
0.017241
0.777559
0.441618
0.271713
0.678621
0.580674
0.384269
0.409900
0.197229
0.825336
0.422447
0.070218
0.150665
0.219191
0.946251
0.646447
0.829288
0.851519
0.479922
0.051474
0.117388
0.940622
0.032999
0.616158
0.775184
0.516092
0.952364
0.376317
0.752528
0.738895
0.608215
0.274581
0.891192
0.265452
0.449243
0.434035
0.825144
0.188975
0.101509
0.056194
0.458537
0.629347
0.439656
0.299055
0.214880
0.490554
0.746823
0.850571
0.547086
0.869287
0.114122
0.047204
0.351515
0.913183
0.862985
0.193003
0.801622
0.860382
0.441697
0.602219
0.497219
0.752263
0.282646
0.438562
0.915782
0.551226
0.460909
0.497099
0.747053
0.722871
0.287752
0.248182
0.191794
0.489861
0.101890
0.460215
0.832138
0.751497
0.413904
0.484274
0.196603
0.312307
0.947777
0.286204
0.225504
0.046218
0.793563
0.413244
0.395819
0.537598
0.402584
0.230317
0.934867
0.317600
0.904653
0.510651
0.510380
0.958000
0.109695
0.650724
0.711187
0.926667
0.498838
0.962835
0.365245
0.666269
0.980101
0.559683
0.599710
0.324906
0.696231
0.560052
0.789194
0.984659
0.165289
0.016883
0.758901
0.857167
0.400023
0.178219
0.321457
0.733921
0.018005
0.616069
0.265430
0.087532
0.152080
0.013968
0.755828
0.198097
0.419480
0.197509
0.538728
0.397667
0.597483
0.899365
0.624086
0.021422
0.031339
0.710699
0.715452
0.603038
0.260132
0.030384
0.665491
0.913704
0.618556
0.068119
0.876905
0.146518
0.534905
0.155862
0.579582
0.040371
0.512859
0.617959
0.044426
0.670901
0.829669
0.250593
0.721642
0.631060
0.224753
0.416947
0.632517
0.705714
0.933637
0.636396
0.904872
0.179935
0.160822
0.934837
0.802946
0.111243
0.660269
0.136355
0.717235
0.572562
0.043806
0.246271
0.074316
0.028693
0.249721
0.064034
0.216074
0.552685
0.976025
0.044696
0.212559
0.471204
0.530274
0.310497
0.524465
0.678497
0.501826
0.185445
0.768614
0.090537
0.658967
0.264416
0.032214
0.425705
0.828576
0.884539
0.441122
0.933123
0.005319
0.401352
0.518511
0.622334
0.570074
0.233080
0.367589
0.073212
0.474070
0.697734
0.811464
0.280362
0.043271
0.259384
0.468334
0.282507
0.100286
0.502356
0.104719
0.019644
0.162345
0.529913
0.249929
0.555158
0.540306
0.929967
0.957672
0.591823
0.774722
0.757248
0.072257
0.416841
0.853943
0.217207
0.601747
0.559316
0.419101
0.829005
0.083609
0.212470
0.977534
0.411869
0.279151
0.688137
0.518470
0.922156
0.673396
0.758535
0.692187
0.585084
0.509425
0.898189
0.858434
0.706710
0.678029
0.629524
0.402023
0.798783
0.140990
0.610639
0.006623
0.311147
0.451814
0.632134
0.275992
0.589939
0.106368
0.723591
0.387108
0.117131
0.618564
0.210262
0.866214
0.450380
0.538601
0.274428
0.316324
0.464691
0.053847
0.999282
0.936802
0.835632
0.469819
0.243209
0.620313
0.601276
0.639664
0.832061
0.446975
0.300763
0.922355
0.016664
0.070874
0.173722
0.748439
0.017902
0.883404
0.377589
0.136462
0.516674
0.740812
0.819485
0.084603
0.917542
0.124814
0.747881
0.639736
0.045704
0.143320
0.773681
0.256962
0.764937
0.290857
0.429403
0.978949
0.190852
0.645471
0.428247
0.552695
0.143861
0.872563
0.168693
0.223283
0.723680
0.890248
0.396259
0.932350
0.013249
0.674598
0.970665
0.974636
0.710815
0.663326
0.516978
0.846351
0.627118
0.972142
0.789752
0.364907
0.992042
0.242168
0.122618
0.832964
0.619041
0.220715
0.554672
0.365358
0.580278
0.730032
0.641674
0.617323
0.347720
0.135881
0.744349
0.265487
0.034374
0.725228
0.901452
0.707438
0.911247
0.320801
0.702224
0.271039
0.356142
0.678727
0.364202
0.136196
0.039960
0.599842
0.552768
0.374542
0.926673
0.594398
0.039228
0.306229
0.784380
0.068070
0.051349
0.014474
0.263099
0.905347
0.160311
0.349560
0.058562
0.252165
0.142353
0.525465
0.496527
0.134002
0.173072
0.826553
0.877642
0.521753
0.110887
0.670240
0.717133
0.849813
0.814342
0.647144
0.548627
0.771627
0.734667
0.556068
0.835732
0.148536
0.441077
0.183897
0.761323
0.548253
0.482732
0.281929
0.388208
0.604925
0.969379
0.348985
0.388449
0.660354
0.562750
0.136813
0.420558
0.323600
0.739125
0.480820
0.145222
0.738694
0.230480
0.669824
0.723818
0.206916
0.633852
0.152563
0.121499
0.039010
0.641492
0.557393
0.097925
0.833825
0.091719
0.529305
0.028581
0.362314
0.411045
0.436573
0.486870
0.829050
0.847322
0.932912
0.456084
0.409042
0.771712
0.163457
0.226209
0.898957
0.775270
0.960706
0.591913
0.273503
0.769829
0.513878
0.751705
0.910976
0.777226
0.833930
0.868055
0.398004
0.257349
0.265456
0.525386
0.165176
0.109323
0.396108
0.393961
0.310118
0.155608
0.304178
0.314388
0.926239
0.306592
0.892438
0.208675
0.202634
0.675333
0.322468
0.726480
0.942857
0.602381
0.221312
0.584031
0.804722
0.955380
0.077039
0.799375
0.092296
0.223641
0.729847
0.540389
0.321856
0.427142
0.975954
0.866084
0.279353
0.087708
0.113657
0.228379
0.365800
0.994518
0.869789
0.543208
0.691949
0.595178
0.150416
0.038118
0.645229
0.370776
0.627961
0.143044
0.132769
0.453198
0.898560
0.101028
0.981894
0.684803
0.486150
0.730203
0.528329
0.620488
0.547943
0.274589
0.013894
0.514894
0.829485
0.150803
0.549892
0.031098
0.667002
0.297225
0.467588
0.744570
0.985227
0.708936
0.089576
0.512103
0.918337
0.490202
0.827129
0.561451
0.304694
0.999803
0.696623
0.135767
0.838792
0.576367
0.006131
0.049757
0.267254
0.743710
0.535135
0.018403
0.292627
0.179428
0.653817
0.699872
0.752696
0.553297
0.254521
0.726469
0.771882
0.027861
0.267443
0.913249
0.971653
0.572996
0.340353
0.320770
0.183014
0.922636
0.743462
0.370325
0.052904
0.164815
0.053075
0.035661
0.349909
0.913132
0.015350
0.992858
0.967202
0.757844
0.086049
0.227544
0.330059
0.309102
0.085412
0.524467
0.723280
0.161050
0.759098
0.164669
0.584670
0.543432
0.453710
0.496124
0.359739
0.141327
0.283426
0.541603
0.716834
0.826936
0.308827
0.463018
0.939110
0.619095
0.137433
0.838872
0.927958
0.187530
0.822084
0.769087
0.047309
0.129737
0.482489
0.192636
0.630827
0.312867
0.358149
0.401903
0.775674
0.754292
0.390457
0.406171
0.513043
0.721107
0.645887
0.425546
0.148327
0.927460
0.820062
0.774344
0.406126
0.762565
0.431064
0.895937
0.005746
0.565164
0.712124
0.664768
0.757779
0.994474
0.126080
0.033352
0.540603
0.907741
0.410913
0.222478
0.183529
0.572191
0.807700
0.015914
0.464354
0.393026
0.585581
0.851653
0.736562
0.394231
0.844779
0.202360
0.072700
0.870026
0.525734
0.010824
0.919430
0.856546
0.974547
0.216784
0.494183
0.727787
0.912118
0.959798
0.320349
0.113651
0.127051
0.346057
0.172412
0.726531
0.805785
0.827364
0.508532
0.888926
0.187551
0.176306
0.169378
0.744192
0.634707
0.527654
0.285409
0.870157
0.729953
0.313477
0.602373
0.079701
0.539292
0.882022
0.139893
0.186646
0.951857
0.867010
0.845454
0.540680
0.207130
0.235266
0.107306
0.488982
0.318316
0.944529
0.692410
0.336701
0.937398
0.843015
0.551073
0.878567
0.077750
0.748574
0.277242
0.606699
0.788816
0.632496
0.361072
0.535598
0.800428
0.787662
0.241868
0.074093
0.278117
0.316274
0.614716
0.523903
0.238871
0.697875
0.182580
0.626347
0.009710
0.196602
0.294416
0.252393
0.972437
0.751302
0.140314
0.252863
0.869252
0.511077
0.666014
0.694624
0.544568
0.549041
0.730819
0.872809
0.297353
0.615738
0.710508
0.511642
0.162546
0.909832
0.553730
0.536417
0.562229
0.387418
0.328757
0.420916
0.327943
0.740962
0.350376
0.774532
0.566633
0.404475
0.017116
0.661411
0.333695
0.415461
0.645400
0.245652
0.666755
0.157256
0.003029
0.908051
0.614392
0.093992
0.716070
0.992152
0.097002
0.315332
0.783113
0.783007
0.990447
0.443913
0.845312
0.160446
0.619622
0.988626
0.842684
0.989068
0.260978
0.265399
0.566069
0.920794
0.786955
0.356188
0.449836
0.387854
0.661776
0.461508
0.557443
0.944520
0.539444
0.430632
0.631375
0.526186
0.615417
0.321270
0.590726
0.337682
0.428990
0.034048
0.240712
0.639504
0.143382
0.823698
0.892771
0.797384
0.627156
0.613043
0.419223
0.884742
0.851345
0.551240
0.690386
0.316585
0.850705
0.803389
0.555920
0.350484
0.586987
0.482225
0.751805
0.590617
0.496553
0.558943
0.148817
0.173127
0.745204
0.651676
0.718867
0.004722
0.355800
0.927465
0.899820
0.275943
0.779965
0.866059
0.861981
0.309004
0.437429
0.875494
0.421796
0.120071
0.027451
0.366722
0.493923
0.357730
0.368125
0.082412
0.094287
0.674693
0.572426
0.761433
0.407266
0.916626
0.725321
0.471344
0.872362
0.782826
0.950764
0.482376
0.294225
0.035708
0.152284
0.430248
0.184192
0.721683
0.329916
0.891545
0.194193
0.796047
0.156179
0.894180
0.485401
0.129765
0.952494
0.562965
0.752846
0.087890
0.161824
0.776878
0.993056
0.295999
0.856813
0.453344
0.346805
0.751915
0.438783
0.619071
0.733358
0.542871
0.025173
0.081219
0.049617
0.906297
0.133774
0.344405
0.409056
0.998418
0.418566
0.845577
0.617329
0.443836
0.551457
0.333310
0.947757
0.948817
0.762995
0.656384
0.845026
0.350407
0.284256
0.491237
0.223505
0.441558
0.258816
0.926542
0.384270
0.425545
0.141267
0.280375
0.264061
0.071925
0.850078
0.261379
0.996820
0.559962
0.280387
0.472172
0.793250
0.151201
0.227037
0.810430
0.903686
0.243777
0.163858
0.963978
0.569996
0.930780
0.611180
0.103204
0.550768
0.762196
0.221818
0.103268
0.633249
0.016749
0.505142
0.920315
0.735390
0.699729
0.340100
0.057035
0.579874
0.943552
0.279442
0.574288
0.058826
0.681303
0.665108
0.467429
0.072436
0.432835
0.650595
0.550984
0.392535
0.340227
0.188022
0.083443
0.427495
0.913312
0.035992
0.922957
0.130540
0.986811
0.330699
0.058222
0.529000
0.898631
0.288320
0.790506
0.034601
0.545764
0.651188
0.512731
0.476947
0.040951
0.256540
0.664980
0.314058
0.370793
0.917670
0.277347
0.374981
0.305131
0.343387
0.313229
0.432452
0.220027
0.001205
0.257132
0.624731
0.856333
0.392160
0.030404
0.003238
0.426951
0.766235
0.114562
0.447036
0.330204
0.745318
0.562719
0.615976
0.712295
0.545013
0.031496
0.353938
0.630331
0.966530
0.462437
0.173311
0.846286
0.527161
0.993707
0.239744
0.382116
0.220659
0.623326
0.237032
0.791331
0.905683
0.807655
0.255191
0.991346
0.555708
0.792758
0.876177
0.903651
0.657535
0.194300
0.591713
0.923215
0.468094
0.254369
0.179182
0.510287
0.385620
0.115755
0.496652
0.230483
0.726533
0.846631
0.323080
0.012708
0.583965
0.699763
0.924299
0.695231
0.739149
0.882649
0.689878
0.782751
0.704203
0.538094
0.745322
0.618646
0.585010
0.267928
0.058856
0.186175
0.036283
0.811158
0.133796
0.714553
0.488746
0.352132
0.276556
0.072071
0.292046
0.418960
0.458241
0.656824
0.248270
0.679572
0.560312
0.162428
0.932993
0.818436
0.454900
0.501357
0.309221
0.084760
0.562440
0.925704
0.299701
0.075869
0.135286
0.743462
0.360597
0.551434
0.947400
0.950961
0.805985
0.183640
0.436674
0.186507
0.627426
0.143932
0.064762
0.451499
0.337619
0.356926
0.856290
0.668072
0.285783
0.154434
0.575396
0.674197
0.229602
0.926188
0.445464
0.921147
0.710679
0.387269
0.828968
0.462156
0.454402
0.136925
0.298143
0.896664
0.233947
0.940719
0.669313
0.142290
0.469132
0.709724
0.328060
0.706116
0.699752
0.737304
0.862858
0.061186
0.355047
0.282275
0.190913
0.667188
0.423414
0.316297
0.001283
0.569873
0.852550
0.803841
0.154738
0.677437
0.684439
0.361563
0.781790
0.538602
0.290551
0.284168
0.011654
0.873118
0.499791
0.992726
0.747542
0.931135
0.593805
0.087679
0.615555
0.637390
0.620674
0.665522
0.431731
0.104753
0.584395
0.929137
0.009963
0.443449
0.039010
0.635192
0.669473
0.835641
0.620469
0.214093
0.267160
0.157665
0.876217
0.577438
0.008792
0.767698
0.698871
0.920218
0.102363
0.419468
0.000387
0.496458
0.966417
0.576610
0.090956
0.699060
0.108673
0.465715
0.272125
0.605482
0.336212
0.719968
0.506212
0.897744
0.375502
0.059786
0.828582
0.982689
0.056523
0.979469
0.936624
0.835276
0.485667
0.608866
0.212488
0.289305
0.351197
0.572766
0.474792
0.834139
0.380302
0.742727
0.013396
0.143810
0.011287
0.698183
0.368786
0.193962
0.921305
0.375722
0.766425
0.308887
0.463729
0.886853
0.338013
0.977901
0.588917
0.925359
0.500338
0.180242
0.324723
0.619756
0.239373
0.137487
0.745651
0.159168
0.131370
0.943669
0.246748
0.096556
0.813060
0.106315
0.832809
0.019137
0.630569
0.977849
0.708834
0.369544
0.926252
0.514257
0.116109
0.440294
0.025235
0.121211
0.185518
0.008326
0.939255
0.053214
0.362612
0.428155
0.998738
0.789874
0.413420
0.350399
0.157226
0.501398
0.993520
0.091266
0.913786
0.999988
0.803104
0.772326
0.481304
0.279981
0.641841
0.424790
0.451545
0.121453
0.261022
0.996124
0.854735
0.522912
0.573823
0.234843
0.012186
0.802536
0.223795
0.329031
0.029058
0.382989
0.887855
0.172102
0.525619
0.078666
0.133369
0.525813
0.347278
0.706746
0.288180
0.447025
0.148547
0.621718
0.207585
0.887764
0.651948
0.283339
0.078909
0.224994
0.481455
0.809722
0.995716
0.999899
0.309637
0.073903
0.095696
0.368557
0.333762
0.538059
0.162656
0.761857
0.524378
0.224256
0.070798
0.893712
0.611651
0.011852
0.195678
0.763143
0.142579
0.322648
0.737503
0.213014
0.126779
0.769266
0.057746
0.534559
0.336487
0.341831
0.147000
0.620766
0.210909
0.751840
0.176068
0.180795
0.615069
0.471936
0.826322
0.987138
0.824192
0.194013
0.772360
0.057881
0.800371
0.841533
0.638659
0.946693
0.063669
0.084943
0.638680
0.300249
0.283248
0.555373
0.158390
0.060199
0.764491
0.795911
0.871974
0.275333
0.516065
0.502261
0.506583
0.134843
0.311158
0.631624
0.712817
0.308269
0.076720
0.433647
0.310896
0.237165
0.034001
0.453488
0.779546
0.826444
0.041528
0.967428
0.568668
0.597390
0.326632
0.710946
0.865110
0.911378
0.536039
0.210082
0.846276
0.358683
0.379742
0.323973
0.020726
0.340340
0.088922
0.507578
0.870571
0.691954
0.673684
0.605969
0.515105
0.364703
0.558934
0.007559
0.047589
0.824744
0.475445
0.802999
0.010368
0.247522
0.098190
0.278991
0.003865
0.950968
0.919960
0.768449
0.316982
0.508378
0.316704
0.846562
0.175508
0.758370
0.931177
0.289570
0.797045
0.928698
0.634118
0.628080
0.137187
0.698113
0.178083
0.034874
0.127586
0.344652
0.558925
0.858279
0.095818
0.408829
0.182829
0.800713
0.582848
0.918512
0.432580
0.379346
0.671567
0.032342
0.572079
0.935437
0.888545
0.781152
0.815216
0.343211
0.340304
0.488248
0.982338
0.162093
0.294329
0.788213
0.488418
0.840810
0.497683
0.559786
0.327796
0.263141
0.618188
0.885131
0.393516
0.829878
0.757683
0.382962
0.443199
0.852669
0.809238
0.871420
0.962775
0.359642
0.507408
0.007858
0.062883
0.870142
0.478014
0.980539
0.911446
0.673305
0.229153
0.366855
0.726653
0.852545
0.721257
0.167997
0.530077
0.008247
0.601673
0.324456
0.123812
0.910058
0.348494
0.132216
0.159197
0.618233
0.646394
0.942631
0.803962
0.197365
0.119378
0.384294
0.835444
0.301384
0.353520
0.606070
0.223218
0.618503
0.176109
0.857502
0.029921
0.886119
0.009978
0.706321
0.130238
0.906754
0.810104
0.421611
0.021619
0.348663
0.975270
0.365344
0.341206
0.645217
0.165897
0.231743
0.906919
0.589616
0.672457
0.984980
0.567065
0.661335
0.063491
0.095520
0.412819
0.246541
0.609658
0.519233
0.755907
0.522233
0.166318
0.306366
0.095898
0.753798
0.083259
0.330938
0.066669
0.501029
0.787710
0.043687
0.252026
0.798981
0.480940
0.150956
0.111502
0.006846
0.066983
0.778655
0.848229
0.181051
0.923337
0.525091
0.199689
0.170409
0.065810
0.065862
0.939739
0.186087
0.565153
0.521583
0.245778
0.790605
0.698362
0.374918
0.253001
0.192376
0.267345
0.260617
0.189233
0.441950
0.861196
0.125384
0.323311
0.887387
0.312119
0.782676
0.431612
0.099129
0.053117
0.731245
0.033905
0.847353
0.463125
0.746618
0.402805
0.942199
0.545490
0.054205
0.030572
0.823244
0.254313
0.231534
0.388747
0.670787
0.923181
0.908477
0.776366
0.376224
0.191253
0.397076
0.658096
0.618414
0.687768
0.316330
0.565799
0.390532
0.664440
0.237857
0.655572
0.203547
0.012606
0.873590
0.431543
0.937187
0.295400
0.787085
0.542069
0.559451
0.687527
0.267671
0.752615
0.201307
0.364694
0.418271
0.878893
0.553133
0.505923
0.049887
0.449543
0.477480
0.011965
0.103888
0.043572
0.321026
0.480513
0.979794
0.403906
0.451015
0.206804
0.748824
0.487062
0.046017
0.402835
0.455758
0.923610
0.119843
0.193579
0.476595
0.137160
0.252205
0.812603
0.421642
0.536320
0.931300
0.359284
0.491270
0.778574
0.496106
0.055082
0.769848
0.835049
0.667917
0.686583
0.402690
0.003052
0.296184
0.967920
0.828735
0.552063
0.517757
0.939930
0.398984
0.721017
0.129661
0.215235
0.462442
0.261452
0.224856
0.154299
0.311493
0.264372
0.300472
0.037127
0.997767
0.473154
0.302725
0.906079
0.474837
0.586919
0.342455
0.640642
0.276335
0.360540
0.600624
0.684594
0.971578
0.318758
0.357501
0.523046
0.830173
0.710703
0.782180
0.094220
0.551109
0.481409
0.038958
0.759726
0.720954
0.068695
0.558061
0.338149
0.273618
0.699851
0.390123
0.802185
0.326759
0.841808
0.264075
0.305636
0.831508
0.147510
0.207060
0.055206
0.839610
0.318501
0.051425
0.300472
0.026296
0.949468
0.715388
0.530943
0.556223
0.435323
0.477170
0.793687
0.494417
0.661367
0.593665
0.728365
0.628555
0.123777
0.327855
0.252434
0.652298
0.175883
0.063442
0.272523
0.293631
0.057675
0.337735
0.314849
0.664750
0.451526
0.789286
0.534218
0.595039
0.825835
0.815821
0.508036
0.567242
0.635872
0.104480
0.987906
0.733858
0.959395
0.551769
0.578340
0.153388
0.990013
0.156507
0.406949
0.598764
0.429034
0.767019
0.280722
0.100349
0.562837
0.606551
0.296407
0.713871
0.023350
0.438636
0.147700
0.388307
0.272254
0.779765
0.506825
0.212554
0.392612
0.627805
0.521852
0.759840
0.629899
0.713677
0.763409
0.609127
0.596030
0.472906
0.136553
0.053006
0.871700
0.655443
0.022800
0.191780
0.251009
0.700133
0.141387
0.288762
0.228179
0.998496
0.729632
0.924309
0.865298
0.055286
0.186301
0.157245
0.814820
0.687322
0.817604
0.475619
0.729545
0.461639
0.768071
0.976621
0.063146
0.288245
0.532488
0.518997
0.790669
0.770332
0.974223
0.758377
0.042296
0.863086
0.881409
0.843271
0.863355
0.410607
0.076648
0.219363
0.828453
0.804611
0.090083
0.018302
0.604909
0.713104
0.144112
0.092174
0.161784
0.099561
0.318257
0.944600
0.898446
0.178316
0.961943
0.369694
0.449591
0.270221
0.606064
0.122578
0.174085
0.847271
0.075455
0.176015
0.289942
0.063258
0.184926
0.057755
0.690805
0.356890
0.246483
0.638233
0.785894
0.512105
0.950558
0.031276
0.654241
0.824044
0.707411
0.454774
0.379308
0.021807
0.502095
0.707020
0.884184
0.486961
0.351584
0.077089
0.636687
0.794099
0.414641
0.872861
0.176051
0.889364
0.542452
0.996553
0.071359
0.333518
0.440971
0.393639
0.886898
0.097617
0.641005
0.374673
0.131213
0.290099
0.701989
0.334039
0.192581
0.710634
0.625888
0.306786
0.153991
0.134968
0.409001
0.072661
0.208220
0.558831
0.269174
0.005624
0.526184
0.566792
0.076993
0.014860
0.744413
0.346144
0.640623
0.952511
0.853018
0.674813
0.576736
0.194363
0.663464
0.839461
0.816521
0.262085
0.857440
0.000221
0.722409
0.528948
0.025764
0.010346
0.884527
0.244038
0.548542
0.352096
0.673730
0.373939
0.792104
0.892548
0.061779
0.325498
0.636706
0.124755
0.754652
0.442118
0.685475
0.772378
0.349116
0.584544
0.426782
0.927368
0.281131
0.972911
0.709202
0.552524
0.278103
0.075292
0.434681
0.680427
0.942659
0.261868
0.210274
0.075569
0.086213
0.980970
0.165457
0.839925
0.622925
0.497330
0.630458
0.115658
0.870599
0.150392
0.631162
0.943322
0.405232
0.738401
0.312233
0.692999
0.227244
0.291012
0.046518
0.820690
0.343778
0.873636
0.194136
0.847725
0.722389
0.197290
0.848916
0.723607
0.667886
0.166818
0.715103
0.742394
0.423623
0.830149
0.311253
0.225011
0.754180
0.507025
0.574379
0.581047
0.649559
0.144669
0.459438
0.767345
0.775616
0.781404
0.059550
0.864174
0.173794
0.958592
0.048394
0.356349
0.154238
0.270547
0.080860
0.014594
0.276331
0.291355
0.806577
0.133546
0.504412
0.656379
0.758294
0.648638
0.666075
0.730475
0.096980
0.935855
0.910379
0.747749
0.421500
0.158873
0.171245
0.108140
0.506095
0.943797
0.388238
0.123836
0.319346
0.248662
0.268146
0.726496
0.213681
0.336002
0.187881
0.713196
0.682205
0.819064
0.008939
0.234037
0.465124
0.336612
0.435737
0.424528
0.046692
0.760455
0.962374
0.611575
0.732640
0.475744
0.828835
0.237166
0.050460
0.077457
0.817538
0.367671
0.451029
0.438597
0.503496
0.249889
0.886974
0.370106
0.369979
0.244009
0.056162
0.915230
0.276094
0.318189
0.806897
0.513259
0.343839
0.909565
0.061926
0.790593
0.488451
0.399903
0.162655
0.737188
0.917270
0.556280
0.405582
0.611379
0.452295
0.727222
0.414091
0.620872
0.990571
0.524099
0.537098
0.010243
0.155486
0.258193
0.442736
0.071701
0.071804
0.815699
0.460267
0.704974
0.503320
0.297462
0.440237
0.062756
0.735562
0.598600
0.673752
0.757165
0.671438
0.862755
0.324139
0.806045
0.192224
0.711432
0.044379
0.869927
0.857817
0.335104
0.091190
0.633681
0.284746
0.729790
0.580798
0.473651
0.658588
0.883279
0.275105
0.693517
0.947314
0.510721
0.696059
0.669828
0.804797
0.228410
0.882121
0.805478
0.664105
0.609711
0.412136
0.770618
0.777837
0.101219
0.187715
0.930507
0.027017
0.079942
0.578583
0.244474
0.869547
0.482183
0.049060
0.549544
0.183462
0.446297
0.913036
0.389868
0.515025
0.031019
0.335995
0.060209
0.937258
0.492584
0.859462
0.976995
0.352831
0.026300
0.016486
0.073468
0.779317
0.977302
0.521177
0.424682
0.636735
0.612987
0.476490
0.368933
0.656654
0.390949
0.680036
0.368837
0.044415
0.475054
0.228059
0.983011
0.460740
0.663711
0.990074
0.172471
0.721842
0.992454
0.178609
0.880409
0.029577
0.103113
0.028328
0.110881
0.585308
0.269056
0.020857
0.543110
0.057084
0.403537
0.243452
0.694760
0.831472
0.548425
0.383991
0.734607
0.547961
0.584779
0.382589
0.176234
0.968813
0.847491
0.778283
0.597417
0.791190
0.530974
0.085825
0.465909
0.533717
0.189464
0.320605
0.410547
0.055800
0.824891
0.937042
0.857353
0.529936
0.638915
0.246304
0.636030
0.758824
0.554906
0.301302
0.986237
0.691406
0.462220
0.523155
0.674198
0.249732
0.241379
0.862353
0.569286
0.988014
0.550296
0.827721
0.502208
0.604758
0.167053
0.665487
0.835573
0.476817
0.860188
0.172638
0.531187
0.665348
0.509459
0.473114
0.624351
0.473679
0.116720
0.710784
0.143851
0.696290
0.543091
0.724612
0.546759
0.373760
0.778506
0.346459
0.943231
0.881649
0.882570
0.357345
0.895867
0.830835
0.849332
0.729945
0.189664
0.674564
0.403504
0.694205
0.504326
0.205566
0.940817
0.312037
0.397870
0.003840
0.537814
0.040124
0.363490
0.176517
0.725915
0.461258
0.361273
0.907104
0.701106
0.493200
0.214899
0.806763
0.268077
0.572404
0.388366
0.263981
0.722127
0.790833
0.522671
0.525868
0.260060
0.827440
0.781303
0.353261
0.258679
0.612660
0.974130
0.200828
0.312464
0.581100
0.542705
0.237052
0.138806
0.920401
0.172750
0.403748
0.791153
0.905663
0.479628
0.111876
0.305477
0.152729
0.919536
0.639800
0.122651
0.400657
0.844042
0.808366
0.200641
0.169691
0.003817
0.158313
0.772777
0.061417
0.231620
0.842573
0.130313
0.167832
0.756983
0.618387
0.234676
0.199161
0.306882
0.758444
0.170764
0.033682
0.101606
0.688493
0.505783
0.697766
0.345771
0.365158
0.218617
0.303890
0.487632
0.626158
0.836235
0.596577
0.670346
0.503650
0.849175
0.085634
0.254108
0.793144
0.366131
0.562166
0.326123
0.146996
0.561199
0.076804
0.839733
0.389914
0.289351
0.116702
0.415362
0.986962
0.862193
0.876561
0.359701
0.494352
0.580631
0.672038
0.945028
0.090488
0.828730
0.472774
0.908425
0.902411
0.814497
0.256135
0.854144
0.606229
0.883995
0.309565
0.851127
0.894752
0.104228
0.754451
0.050420
0.417303
0.605109
0.058744
0.312401
0.522122
0.296129
0.036511
0.648106
0.718274
0.024207
0.843773
0.285178
0.988286
0.118571
0.829273
0.595589
0.062712
0.001833
0.799424
0.919191
0.848647
0.210164
0.220078
0.844324
0.559974
0.474881
0.317745
0.341112
0.065629
0.025654
0.165170
0.009443
0.710856
0.358840
0.017135
0.980124
0.947042
0.930996
0.254723
0.125861
0.341700
0.955162
0.410894
0.895586
0.113194
0.449093
0.908990
0.393942
0.977059
0.433496
0.764086
0.999374
0.483684
0.279459
0.861751
0.441784
0.064788
0.884453
0.008059
0.443350
0.381588
0.351646
0.107971
0.662603
0.371533
0.351368
0.440606
0.261115
0.559167
0.924094
0.239834
0.884920
0.843663
0.446083
0.318063
0.690725
0.010723
0.220771
0.500394
0.128602
0.416201
0.094673
0.169109
0.207481
0.125054
0.790537
0.563437
0.685646
0.658414
0.960796
0.091946
0.332130
0.108302
0.232763
0.051497
0.504465
0.536548
0.761024
0.534383
0.377212
0.799529
0.684992
0.667483
0.394168
0.780142
0.853964
0.569511
0.775280
0.132894
0.554789
0.346197
0.531381
0.925869
0.072764
0.939578
0.479862
0.034155
0.046458
0.827211
0.936951
0.334036
0.146390
0.374608
0.043277
0.353707
0.761756
0.837850
0.751676
0.413102
0.000833
0.001359
0.839913
0.410196
0.168711
0.522196
0.546423
0.724318
0.620748
0.911449
0.721452
0.449625
0.850797
0.342264
0.436589
0.758171
0.586476
0.905815
0.039735
0.832369
0.629236
0.573333
0.008868
0.036118
0.028195
0.874786
0.529244
0.005635
0.715715
0.017408
0.571080
0.145104
0.768601
0.880759
0.920094
0.019359
0.374078
0.132674
0.846546
0.900646
0.151251
0.072261
0.496936
0.011667
0.082075
0.427197
0.899223
0.247414
0.283607
0.585121
0.131887
0.624631
0.172130
0.986303
0.787489
0.329449
0.048529
0.625174
0.301331
0.475425
0.460854
0.572883
0.449651
0.290373
0.293673
0.765116
0.301481
0.991133
0.967475
0.347650
0.948057
0.991166
0.534526
0.786552
0.576071
0.027825
0.651946
0.255438
0.146694
0.492021
0.393734
0.494521
0.406217
0.285843
0.156922
0.382217
0.915522
0.183651
0.614396
0.146600
0.913082
0.171128
0.143189
0.576702
0.626764
0.016917
0.319074
0.674353
0.850959
0.061411
0.136475
0.737683
0.236411
0.358178
0.905678
0.731559
0.313277
0.240799
0.100476
0.696908
0.936008
0.488847
0.055893
0.395346
0.572686
0.132515
0.182708
0.778309
0.034551
0.702809
0.110640
0.530294
0.647187
0.280111
0.819458
0.630501
0.831998
0.392810
0.949927
0.419087
0.595795
0.520598
0.685079
0.120903
0.013728
0.733317
0.852663
0.707637
0.247855
0.694482
0.163630
0.123132
0.479701
0.329675
0.848388
0.852073
0.797363
0.287476
0.609962
0.637029
0.551716
0.687707
0.284635
0.859953
0.230144
0.028099
0.262319
0.798753
0.641104
0.029035
0.983484
0.409921
0.542826
0.270985
0.442265
0.142743
0.086334
0.018941
0.342414
0.954614
0.199977
0.020418
0.164660
0.439631
0.885142
0.575879
0.791879
0.117296
0.389686
0.452598
0.820670
0.995841
0.098188
0.248327
0.638811
0.489316
0.928743
0.386413
0.434889
0.187572
0.524743
0.363244
0.048741
0.197231
0.857831
0.567344
0.343516
0.466012
0.268761
0.064793
0.975693
0.475593
0.290196
0.324826
0.352099
0.734165
0.108739
0.576402
0.588867
0.090387
0.128334
0.915233
0.318099
0.281498
0.140661
0.088517
0.705603
0.063518
0.550381
0.257528
0.272261
0.896675
0.418305
0.444857
0.708283
0.104798
0.334177
0.512317
0.511040
0.043387
0.205888
0.363160
0.637796
0.433247
0.574740
0.662910
0.533188
0.284942
0.018305
0.654771
0.740353
0.105620
0.152164
0.421853
0.088537
0.039507
0.991712
0.695847
0.106756
0.253678
0.571401
0.529811
0.529137
0.210141
0.842510
0.066811
0.892415
0.816566
0.027911
0.093086
0.492209
0.555118
0.868663
0.620064
0.420132
0.154802
0.755942
0.117796
0.797382
0.604569
0.994987
0.742263
0.220461
0.285098
0.635028
0.919624
0.113013
0.401278
0.279691
0.768925
0.314834
0.420998
0.707114
0.461526
0.875859
0.559430
0.341977
0.611249
0.266430
0.880682
0.625628
0.932276
0.764998
0.318154
0.211013
0.489145
0.065818
0.205821
0.230004
0.676064
0.605462
0.998090
0.892907
0.089477
0.836094
0.232544
0.366059
0.360028
0.990326
0.413901
0.442286
0.496370
0.489754
0.289819
0.989975
0.509469
0.651852
0.684357
0.988027
0.768433
0.048952
0.733748
0.101235
0.455494
0.495928
0.063116
0.794205
0.209611
0.933034
0.501091
0.838471
0.175586
0.066978
0.707043
0.277467
0.392353
0.274630
0.704868
0.723134
0.712171
0.453650
0.503748
0.499741
0.142078
0.905348
0.188666
0.910967
0.616644
0.941593
0.358054
0.814597
0.939172
0.660871
0.263951
0.218915
0.305668
0.367269
0.698336
0.924996
0.408636
0.953614
0.388561
0.537673
0.663530
0.941054
0.286353
0.733605
0.698109
0.119956
0.103721
0.246858
0.950122
0.696653
0.648402
0.695453
0.480576
0.048422
0.836575
0.312918
0.213117
0.852955
0.612281
0.612004
0.949006
0.945604
0.761008
0.260507
0.343854
0.146884
0.682276
0.010777
0.136402
0.500843
0.662062
0.271085
0.132080
0.861195
0.098265
0.544875
0.714946
0.089412
0.744198
0.738031
0.089533
0.786873
0.969199
0.323021
0.012655
0.685396
0.451693
0.610442
0.697634
0.134320
0.521590
0.356357
0.288014
0.645960
0.642632
0.721299
0.866720
0.960727
0.940202
0.968151
0.717877
0.362049
0.959305
0.032686
0.356737
0.671560
0.916707
0.101259
0.866802
0.332846
0.145219
0.693238
0.259006
0.114112
0.883852
0.894801
0.918898
0.917432
0.275224
0.685485
0.945152
0.177327
0.327637
0.587094
0.296902
0.024129
0.529858
0.326691
0.699980
0.558474
0.267155
0.070511
0.071408
0.156571
0.480923
0.871742
0.369372
0.031372
0.264876
0.774693
0.260297
0.817323
0.745698
0.946516
0.095933
0.350293
0.367320
0.546174
0.545123
0.888795
0.981055
0.596157
0.605287
0.053849
0.034697
0.145294
0.949715
0.861666
0.014959
0.410631
0.478164
0.502508
0.648297
0.932329
0.647664
0.281438
0.134855
0.509674
0.087621
0.641814
0.968865
0.717697
0.333409
0.597587
0.640708
0.387335
0.938794
0.309741
0.822721
0.477533
0.889012
0.623041
0.442794
0.030760
0.975439
0.203092
0.364733
0.067781
0.199931
0.238822
0.880371
0.402920
0.872417
0.710180
0.994818
0.912608
0.207007
0.158437
0.845231
0.793868
0.543359
0.232107
0.025849
0.436209
0.359535
0.710873
0.640127
0.616778
0.191009
0.291433
0.118276
0.866839
0.956412
0.418489
0.547284
0.208267
0.343753
0.457022
0.174598
0.465214
0.858567
0.931708
0.213509
0.444597
0.341278
0.860543
0.142867
0.159806
0.851305
0.882845
0.968665
0.355254
0.753489
0.883012
0.784530
0.599126
0.503572
0.531277
0.174413
0.362693
0.780129
0.625489
0.586862
0.389109
0.759593
0.480828
0.270670
0.157900
0.828189
0.372788
0.449866
0.903713
0.712005
0.675109
0.563588
0.231439
0.796292
0.282421
0.641458
0.990184
0.028268
0.093704
0.882058
0.756541
0.180511
0.850798
0.369555
0.108857
0.553930
0.899486
0.665172
0.550418
0.876946
0.830504
0.279900
0.282996
0.307862
0.233084
0.450948
0.082194
0.426357
0.780289
0.315310
0.414656
0.115479
0.847483
0.654352
0.696542
0.780913
0.806135
0.716621
0.247194
0.582220
0.366672
0.662019
0.548539
0.300403
0.866639
0.600786
0.407983
0.964945
0.836354
0.595807
0.735252
0.371994
0.108075
0.410897
0.940337
0.246266
0.000325
0.470444
0.757005
0.985687
0.434611
0.512537
0.216223
0.057663
0.144338
0.884566
0.901633
0.748116
0.578083
0.833764
0.075528
0.399817
0.722337
0.311885
0.847405
0.337902
0.119812
0.676483
0.643395
0.537917
0.779339
0.348460
0.569242
0.251482
0.660592
0.566454
0.396943
0.412812
0.136987
0.343699
0.555933
0.571360
0.846443
0.175628
0.775828
0.347591
0.962709
0.252101
0.068857
0.276293
0.648114
0.847307
0.687720
0.508720
0.049903
0.721729
0.098676
0.453861
0.038176
0.622555
0.283608
0.598176
0.536918
0.974308
0.200550
0.642055
0.011412
0.799869
0.394877
0.691579
0.369082
0.156890
0.847363
0.623081
0.115932
0.464380
0.833596
0.242288
0.142056
0.528438
0.460327
0.714255
0.484941
0.404207
0.502600
0.192925
0.493272
0.425263
0.388775
0.142365
0.732606
0.907166
0.740065
0.266114
0.577026
0.070426
0.651611
0.623348
0.608213
0.234010
0.999298
0.207462
0.806960
0.568676
0.740722
0.309684
0.866816
0.583626
0.010564
0.554578
0.785183
0.574701
0.993059
0.345438
0.781021
0.612164
0.639688
0.242554
0.603963
0.799912
0.121774
0.658266
0.480197
0.663843
0.202839
0.114388
0.525796
0.061553
0.525177
0.649078
0.048009
0.882243
0.859743
0.702737
0.894681
0.898763
0.515094
0.185064
0.372083
0.598599
0.651111
0.218344
0.705241
0.987923
0.028521
0.357119
0.092149
0.755807
0.839876
0.803379
0.386307
0.663540
0.108444
0.616566
0.620236
0.307131
0.945630
0.202799
0.437110
0.508686
0.488181
0.860061
0.037886
0.757942
0.735245
0.264875
0.750368
0.440852
0.395982
0.261088
0.105942
0.570782
0.135625
0.455780
0.292945
0.519603
0.964338
0.634971
0.955861
0.155167
0.895087
0.726496
0.213008
0.023752
0.205823
0.269284
0.864223
0.988574
0.963102
0.851672
0.045633
0.953023
0.454558
0.754720
0.583673
0.787253
0.364673
0.057358
0.013793
0.813700
0.855089
0.488734
0.146666
0.015004
0.165547
0.350133
0.680676
0.122722
0.594515
0.012858
0.111029
0.067715
0.082388
0.694977
0.485205
0.833282
0.973052
0.090046
0.399980
0.461957
0.114624
0.490439
0.816582
0.291268
0.339657
0.611301
0.132057
0.486202
0.596684
0.471467
0.952525
0.079998
0.533744
0.642290
0.965489
0.978883
0.093783
0.204480
0.696603
0.811802
0.963590
0.049660
0.642571
0.682732
0.670695
0.378866
0.609045
0.222979
0.614892
0.494433
0.932511
0.720335
0.674752
0.562375
0.844718
0.168865
0.113162
0.920414
0.399863
0.498822
0.701998
0.473841
0.852091
0.088504
0.493195
0.127948
0.421937
0.492948
0.969438
0.344358
0.627421
0.056441
0.603828
0.539602
0.087794
0.551979
0.111546
0.756307
0.257113
0.299913
0.643512
0.504473
0.673979
0.564584
0.963841
0.273528
0.192218
0.608304
0.770944
0.258596
0.225029
0.061217
0.865992
0.726774
0.884372
0.641050
0.132508
0.066776
0.309053
0.252914
0.718405
0.229552
0.087867
0.775288
0.257060
0.401798
0.024634
0.015724
0.278090
0.860255
0.302414
0.668595
0.071634
0.949253
0.087670
0.477694
0.599252
0.632923
0.543448
0.736844
0.138686
0.893481
0.727150
0.203774
0.828087
0.649915
0.115798
0.214901
0.847914
0.893767
0.545188
0.970759
0.554115
0.009529
0.151425
0.993352
0.266370
0.875307
0.281363
0.872587
0.569051
0.038836
0.713937
0.137746
0.104289
0.789527
0.580591
0.999190
0.378306
0.189728
0.759589
0.407839
0.549258
0.382665
0.457059
0.785532
0.436495
0.165623
0.619656
0.556829
0.617641
0.691064
0.719206
0.699603
0.221956
0.406976
0.044265
0.954548
0.088774
0.022182
0.809804
0.376601
0.527239
0.312685
0.303180
0.547065
0.527393
0.885847
0.428704
0.220502
0.976416
0.630931
0.048944
0.596466
0.796893
0.382538
0.313964
0.793005
0.031118
0.999998
0.967035
0.962836
0.390383
0.165644
0.984396
0.743907
0.848077
0.621813
0.803539
0.073522
0.689250
0.218241
0.973962
0.382270
0.819593
0.902786
0.118794
0.575240
0.053279
0.460496
0.549076
0.313336
0.230380
0.001484
0.945057
0.575989
0.643880
0.693331
0.810709
0.585216
0.728662
0.621857
0.547991
0.079468
0.623102
0.477440
0.326352
0.999033
0.750532
0.193519
0.472214
0.498194
0.154392
0.865223
0.803763
0.847061
0.554567
0.613574
0.345620
0.835159
0.523996
0.793806
0.494085
0.092389
0.775907
0.671672
0.788783
0.071721
0.415476
0.903052
0.601175
0.949567
0.378249
0.233252
0.263424
0.370203
0.999336
0.833047
0.016979
0.368895
0.021717
0.993273
0.931457
0.000934
0.703978
0.754185
0.592434
0.046261
0.501928
0.898449
0.233531
0.961038
0.165242
0.226271
0.943081
0.363124
0.022346
0.564663
0.283414
0.333836
0.783172
0.772447
0.523775
0.091166
0.229590
0.725669
0.315794
0.557187
0.635649
0.357879
0.875655
0.132044
0.261491
0.883711
0.531457
0.189937
0.267078
0.777587
0.897269
0.401739
0.020479
0.191354
0.092831
0.213728
0.134785
0.329152
0.059195
0.890619
0.641616
0.640373
0.748702
0.434722
0.365681
0.996775
0.797063
0.239875
0.576575
0.495690
0.066432
0.523472
0.995331
0.528815
0.788729
0.169748
0.948468
0.900880
0.090771
0.590990
0.769943
0.435322
0.462535
0.818023
0.512464
0.985620
0.318931
0.274686
0.655123
0.646757
0.043576
0.376718
0.503413
0.867267
0.158245
0.622676
0.320374
0.518313
0.288387
0.919241
0.677483
0.456541
0.090514
0.269245
0.208717
0.909590
0.483736
0.151222
0.592896
0.807413
0.185682
0.761494
0.433905
0.649061
0.764671
0.819699
0.680264
0.192011
0.122385
0.919341
0.358853
0.245719
0.804302
0.911687
0.725399
0.787426
0.266816
0.373806
0.556948
0.621019
0.470998
0.058371
0.043072
0.913854
0.141574
0.431034
0.387043
0.024147
0.840299
0.904596
0.540690
0.374607
0.012394
0.305595
0.143155
0.004430
0.452157
0.400152
0.362777
0.201186
0.336295
0.112029
0.869513
0.905192
0.557167
0.302770
0.661136
0.714486
0.365983
0.072582
0.892639
0.582795
0.036934
0.753048
0.484644
0.403407
0.065185
0.571413
0.735777
0.209108
0.475405
0.138032
0.902198
0.241321
0.889731
0.710664
0.136598
0.805151
0.179291
0.349327
0.135078
0.254365
0.104651
0.875930
0.756137
0.390549
0.954250
0.082152
0.720653
0.017932
0.383408
0.932260
0.493681
0.297652
0.641308
0.465022
0.623999
0.547708
0.334294
0.472924
0.436961
0.999466
0.026387
0.482106
0.760440
0.721188
0.011557
0.243426
0.254628
0.540880
0.571921
0.276522
0.503477
0.940200
0.936697
0.067507
0.584259
0.644424
0.841159
0.359767
0.599248
0.559410
0.009004
0.336053
0.037997
0.610820
0.043512
0.313694
0.251801
0.018775
0.545426
0.979888
0.969931
0.636271
0.809354
0.805621
0.080199
0.903364
0.842362
0.570144
0.417233
0.429549
0.425276
0.614981
0.979056
0.993233
0.271929
0.311528
0.843476
0.307568
0.297338
0.355629
0.052119
0.968759
0.925411
0.390697
0.445172
0.008597
0.493364
0.971370
0.810361
0.729370
0.524817
0.607684
0.346283
0.977092
0.980708
0.754696
0.167897
0.842258
0.831931
0.269099
0.754305
0.606926
0.609853
0.800650
0.525106
0.454907
0.617680
0.355367
0.646664
0.479351
0.445153
0.690087
0.300000
0.101572
0.125942
0.701109
0.542812
0.032938
0.588901
0.651263
0.783922
0.370648
0.479803
0.045567
0.850749
0.540938
0.545537
0.840442
0.316769
0.933911
0.246566
0.028204
0.028606
0.772932
0.672638
0.025408
0.024692
0.994928
0.759991
0.175747
0.772320
0.374271
0.369190
0.983455
0.925586
0.326806
0.635621
0.878851
0.842256
0.797088
0.662867
0.799411
0.696539
0.730112
0.994353
0.082475
0.149187
0.390082
0.102594
0.295415
0.037662
0.987432
0.775051
0.288801
0.876312
0.168884
0.428784
0.576334
0.451297
0.941342
0.139148
0.659908
0.067373
0.344806
0.158650
0.423055
0.293718
0.516400
0.139916
0.568432
0.628239
0.805838
0.716189
0.992055
0.474158
0.165734
0.485924
0.926251
0.507166
0.942873
0.861872
0.488215
0.434093
0.808496
0.385904
0.887821
0.610670
0.530849
0.975273
0.407505
0.935270
0.091088
0.914158
0.248851
0.440056
0.018963
0.716687
0.354719
0.757695
0.587027
0.159487
0.505840
0.652778
0.244369
0.104599
0.000965
0.226036
0.982343
0.245451
0.303311
0.740499
0.570973
0.344656
0.631977
0.631994
0.915895
0.449160
0.032223
0.565758
0.697295
0.441779
0.985233
0.802837
0.279959
0.264759
0.802620
0.631517
0.899447
0.002756
0.323567
0.198081
0.141988
0.393693
0.796424
0.498590
0.802313
0.482454
0.610174
0.194020
0.897973
0.239380
0.265793
0.176150
0.552820
0.241633
0.129759
0.863649
0.345994
0.121229
0.491592
0.188145
0.152195
0.942573
0.823733
0.484014
0.819589
0.831221
0.337259
0.320174
0.156473
0.836877
0.386276
0.137365
0.691409
0.515149
0.113217
0.832992
0.100574
0.346206
0.683330
0.732025
0.150094
0.631889
0.155776
0.126758
0.417682
0.985689
0.476670
0.396611
0.839224
0.843472
0.235472
0.571233
0.719401
0.967104
0.116968
0.873387
0.015692
0.743400
0.330107
0.102407
0.150232
0.946741
0.876602
0.046535
0.119102
0.748102
0.348966
0.065016
0.729721
0.417205
0.961461
0.281705
0.616265
0.573316
0.717531
0.541954
0.620076
0.623625
0.268831
0.249924
0.479876
0.278322
0.762373
0.202053
0.903767
0.606309
0.235085
0.072545
0.264714
0.042977
0.310724
0.335664
0.503651
0.869970
0.581537
0.897449
0.426544
0.928681
0.336724
0.323668
0.890549
0.451750
0.555828
0.804753
0.479215
0.164275
0.974800
0.462926
0.400375
0.106106
0.330642
0.095085
0.094177
0.840866
0.427135
0.855968
0.260254
0.094159
0.522536
0.259140
0.365093
0.124788
0.319544
0.576591
0.766420
0.221599
0.422777
0.620695
0.013091
0.024903
0.537112
0.236754
0.122151
0.987428
0.694855
0.421086
0.188575
0.380982
0.162902
0.901552
0.385114
0.614588
0.388877
0.861803
0.321585
0.885242
0.256748
0.162639
0.472344
0.678519
0.872177
0.685117
0.768065
0.873430
0.737409
0.632072
0.230498
0.982972
0.813797
0.487067
0.142931
0.235266
0.116463
0.388194
0.376543
0.565183
0.030078
0.518949
0.979599
0.114734
0.327868
0.469255
0.775181
0.465729
0.506697
0.056068
0.338929
0.381722
0.605851
0.542476
0.396739
0.993080
0.700458
0.598166
0.380789
0.926973
0.629977
0.030573
0.837793
0.783061
0.901828
0.019342
0.085082
0.968309
0.364419
0.785874
0.188242
0.785347
0.327438
0.253132
0.382993
0.957321
0.701510
0.278459
0.057237
0.975368
0.007551
0.915292
0.309973
0.723079
0.781169
0.112986
0.961436
0.855997
0.749817
0.177420
0.902255
0.200842
0.554095
0.678771
0.101422
0.601225
0.794494
0.066319
0.628231
0.673017
0.388387
0.614132
0.722769
0.572948
0.529573
0.532070
0.494056
0.603569
0.188735
0.074458
0.418843
0.495607
0.662616
0.590413
0.068689
0.454652
0.329354
0.460496
0.555658
0.936615
0.694456
0.726245
0.002304
0.720665
0.208402
0.618558
0.098986
0.661942
0.253909
0.451026
0.389847
0.154613
0.584337
0.955302
0.762984
0.473208
0.203094
0.407841
0.577918
0.074046
0.483749
0.362315
0.430118
0.994163
0.897040
0.559422
0.201079
0.536449
0.103814
0.802357
0.217053
0.010045
0.820772
0.716656
0.837818
0.212940
0.877917
0.152874
0.360878
0.274358
0.135646
0.805509
0.190546
0.499030
0.204134
0.871742
0.366061
0.390887
0.643825
0.765687
0.899756
0.197587
0.845825
0.786741
0.753554
0.975198
0.145941
0.833049
0.046782
0.264792
0.366784
0.532975
0.709097
0.797516
0.849876
0.871027
0.353148
0.356808
0.877839
0.835994
0.549569
0.611635
0.747148
0.324608
0.679936
0.677817
0.069144
0.099903
0.070004
0.564325
0.606228
0.874619
0.727294
0.635951
0.431894
0.849077
0.441345
0.690970
0.137372
0.808014
0.296655
0.876912
0.261308
0.799644
0.619123
0.601067
0.137442
0.987245
0.621345
0.953228
0.911285
0.970374
0.075564
0.001571
0.399791
0.293898
0.538748
0.745252
0.453730
0.842934
0.193745
0.279969
0.446722
0.056194
0.455258
0.515014
0.841026
0.124650
0.985408
0.746655
0.035129
0.406255
0.921892
0.232964
0.426751
0.411744
0.177035
0.427468
0.462560
0.248622
0.590030
0.634842
0.790539
0.595322
0.570595
0.994496
0.501433
0.585671
0.371855
0.768069
0.927620
0.505054
0.443323
0.924012
0.863324
0.887203
0.223990
0.602230
0.683580
0.930074
0.756579
0.815504
0.169239
0.407371
0.687310
0.623737
0.153069
0.630109
0.239221
0.590833
0.138616
0.720957
0.130343
0.681219
0.241272
0.060707
0.307380
0.131634
0.372627
0.744134
0.659597
0.840016
0.151501
0.274270
0.661542
0.531574
0.172505
0.288032
0.962200
0.690038
0.465553
0.542600
0.486489
0.424044
0.899959
0.604492
0.691920
0.095151
0.201131
0.414083
0.488301
0.871977
0.325547
0.462514
0.466009
0.205829
0.369439
0.153297
0.469882
0.308840
0.674009
0.066340
0.982977
0.886340
0.710826
0.848662
0.463339
0.335986
0.920892
0.433091
0.962244
0.428464
0.187402
0.660355
0.585086
0.545661
0.918148
0.311076
0.256821
0.390338
0.410556
0.218596
0.942422
0.283349
0.238747
0.621242
0.208950
0.821366
0.701006
0.803362
0.101834
0.528016
0.366193
0.601571
0.596691
0.578626
0.967920
0.828070
0.371351
0.291304
0.954669
0.113769
0.109486
0.130869
0.511735
0.722247
0.812556
0.627179
0.003908
0.679439
0.325743
0.756233
0.012611
0.950070
0.818808
0.712395
0.224489
0.988529
0.211238
0.279440
0.553540
0.352149
0.571594
0.783608
0.101482
0.611633
0.717557
0.980231
0.736212
0.521668
0.676219
0.215220
0.194311
0.776830
0.186518
0.800780
0.705939
0.722648
0.551921
0.131927
0.302903
0.894539
0.521551
0.701172
0.602079
0.146412
0.746838
0.112019
0.698436
0.620681
0.780429
0.669537
0.902094
0.485632
0.017717
0.768736
0.152504
0.130783
0.065022
0.830571
0.413143
0.691643
0.447305
0.854887
0.081391
0.934455
0.392696
0.033562
0.076282
0.076602
0.449295
0.299326
0.774539
0.669002
0.918744
0.334730
0.805137
0.929161
0.401618
0.988981
0.796148
0.863744
0.940335
0.210203
0.874198
0.641120
0.297197
0.994257
0.470681
0.730946
0.007608
0.859825
0.079473
0.706993
0.430991
0.659801
0.269797
0.482550
0.217037
0.743455
0.249095
0.532566
0.838375
0.562532
0.471153
0.672112
0.192027
0.400886
0.691532
0.574244
0.310664
0.326446
0.574333
0.808067
0.188376
0.029418
0.420508
0.478375
0.052619
0.372839
0.306924
0.475355
0.295234
0.992406
0.370990
0.232975
0.605169
0.078700
0.711565
0.274526
0.957271
0.861193
0.066146
0.713793
0.710703
0.789270
0.267456
0.129530
0.018428
0.726075
0.136749
0.343376
0.120129
0.000605
0.169913
0.726500
0.291084
0.244727
0.124517
0.763001
0.750183
0.325417
0.280193
0.206087
0.706578
0.449353
0.271283
0.452448
0.293966
0.678628
0.697944
0.346487
0.400048
0.610806
0.809621
0.306895
0.986747
0.259582
0.796536
0.384604
0.041576
0.764208
0.036265
0.508426
0.120613
0.145085
0.442993
0.382621
0.716269
0.339271
0.125933
0.554686
0.602333
0.412965
0.703582
0.109019
0.276505
0.212923
0.599815
0.089111
0.681359
0.600570
0.784632
0.309782
0.507153
0.720181
0.085649
0.494378
0.003240
0.449522
0.121216
0.280311
0.194016
0.830917
0.223612
0.239392
0.461820
0.803130
0.199325
0.051488
0.350755
0.134389
0.672496
0.645792
0.828669
0.441110
0.728730
0.764444
0.012757
0.411666
0.873162
0.231964
0.615882
0.136644
0.568277
0.034400
0.157478
0.733491
0.789383
0.158033
0.055323
0.818084
0.545193
0.054455
0.219221
0.452844
0.955935
0.406189
0.815908
0.970433
0.060645
0.268351
0.174880
0.210053
0.352620
0.481158
0.818439
0.508252
0.194459
0.270703
0.702709
0.436697
0.570477
0.002850
0.896644
0.898884
0.544933
0.694259
0.412842
0.638164
0.629039
0.253951
0.149858
0.662026
0.665043
0.371917
0.807465
0.066650
0.181079
0.391393
0.142511
0.175983
0.741549
0.210443
0.920000
0.443011
0.690479
0.886704
0.830225
0.587522
0.486737
0.580887
0.959988
0.526085
0.912439
0.356259
0.650643
0.362227
0.941965
0.609899
0.567446
0.071437
0.641954
0.323006
0.758219
0.391904
0.722669
0.894653
0.434746
0.771173
0.101116
0.464411
0.361860
0.779913
0.990093
0.495043
0.183318
0.021414
0.902446
0.414866
0.651401
0.094015
0.116499
0.991544
0.887707
0.690682
0.286048
0.610816
0.981191
0.878287
0.366620
0.787774
0.119915
0.407887
0.353652
0.836531
0.572074
0.846091
0.253156
0.790793
0.865310
0.272428
0.702233
0.426909
0.062731
0.314324
0.840229
0.728496
0.831114
0.540419
0.822469
0.241761
0.270389
0.421773
0.735694
0.812062
0.322533
0.809993
0.560399
0.625607
0.580176
0.011447
0.390314
0.000228
0.823901
0.310984
0.715582
0.785257
0.810062
0.706766
0.623125
0.869744
0.789521
0.471414
0.047045
0.684061
0.020388
0.656627
0.927190
0.276862
0.219865
0.272197
0.819634
0.582514
0.307232
0.653078
0.275887
0.827832
0.373367
0.185298
0.309905
0.573628
0.957763
0.114921
0.475211
0.864606
0.433080
0.781681
0.720153
0.617013
0.143161
0.112152
0.938273
0.551807
0.223193
0.209442
0.090536
0.634126
0.763476
0.740922
0.670187
0.825365
0.908081
0.121510
0.216512
0.918527
0.686100
0.282918
0.994769
0.086065
0.501201
0.680360
0.804798
0.245925
0.263691
0.850189
0.123100
0.942788
0.442795
0.056469
0.077073
0.366575
0.030416
0.208156
0.480858
0.780386
0.950966
0.891613
0.338580
0.514505
0.277601
0.633770
0.776390
0.779908
0.910366
0.519595
0.831901
0.752520
0.602599
0.877635
0.407895
0.499145
0.124012
0.275014
0.152044
0.396099
0.242067
0.424726
0.367515
0.822417
0.367845
0.366351
0.264681
0.486013
0.424031
0.682910
0.667013
0.489519
0.351042
0.967336
0.018968
0.799959
0.916785
0.398324
0.624430
0.802894
0.231583
0.207495
0.364956
0.818357
0.133378
0.688140
0.572542
0.716734
0.150567
0.572296
0.581030
0.374102
0.540678
0.174518
0.117302
0.499928
0.293882
0.277238
0.541599
0.657494
0.507426
0.309275
0.977717
0.497916
0.470545
0.445153
0.686589
0.502609
0.345993
0.109333
0.554154
0.668055
0.003995
0.136372
0.005770
0.976197
0.945219
0.300684
0.604058
0.397016
0.643587
0.769551
0.836668
0.875680
0.547115
0.368085
0.411974
0.041203
0.500373
0.767525
0.788807
0.487528
0.886622
0.458215
0.224034
0.340124
0.460860
0.666667
0.666967
0.708949
0.298204
0.914922
0.089411
0.726769
0.803377
0.356481
0.373029
0.496561
0.700913
0.244294
0.853672
0.658598
0.049363
0.638507
0.394060
0.961764
0.364267
0.228952
0.003629
0.992954
0.577438
0.000066
0.103064
0.198936
0.525321
0.066894
0.279975
0.545639
0.562299
0.550925
0.394031
0.486140
0.549806
0.582312
0.917812
0.662402
0.989766
0.004649
0.136491
0.997761
0.368649
0.878640
0.308212
0.119626
0.545998
0.580440
0.453882
0.395771
0.715633
0.646384
0.781353
0.204762
0.438491
0.716109
0.649833
0.743491
0.852977
0.988299
0.345035
0.006711
0.791192
0.562929
0.154614
0.602440
0.202206
0.478094
0.330963
0.493715
0.860439
0.392116
0.288136
0.696335
0.306983
0.470423
0.404232
0.919886
0.524713
0.857841
0.732997
0.472339
0.608262
0.057453
0.616140
0.465831
0.221940
0.140793
0.312552
0.061935
0.939137
0.075670
0.788918
0.342159
0.659354
0.762626
0.463096
0.257908
0.657162
0.923460
0.596652
0.936832
0.343141
0.169229
0.225932
0.246768
0.425553
0.267061
0.487244
0.108405
0.955496
0.017885
0.592381
0.144937
0.952556
0.611518
0.791088
0.822141
0.730549
0.333045
0.487963
0.192546
0.114985
0.547908
0.696924
0.209751
0.286063
0.863248
0.601010
0.172349
0.667975
0.662250
0.429511
0.784938
0.456230
0.862805
0.156740
0.322098
0.508821
0.747067
0.954163
0.624005
0.652269
0.679143
0.360029
0.002723
0.769758
0.321116
0.998179
0.393058
0.121170
0.508647
0.831181
0.657359
0.237904
0.455318
0.523966
0.298060
0.495971
0.784465
0.500601
0.596552
0.257043
0.124596
0.087715
0.230817
0.349068
0.777473
0.986993
0.395333
0.362227
0.949854
0.199989
0.217611
0.390770
0.671329
0.033866
0.179192
0.687538
0.453446
0.065092
0.004840
0.342876
0.714185
0.313099
0.251188
0.717707
0.508672
0.254814
0.666294
0.398389
0.728309
0.681760
0.339857
0.974002
0.052724
0.135752
0.588317
0.840996
0.613400
0.410935
0.584588
0.173911
0.919238
0.632004
0.090454
0.267987
0.053329
0.298301
0.537759
0.107471
0.268353
0.201482
0.306994
0.655110
0.432956
0.694279
0.750527
0.099109
0.731875
0.631193
0.457851
0.094038
0.499098
0.347856
0.409488
0.261031
0.145216
0.649599
0.804299
0.858836
0.450716
0.184685
0.002475
0.596652
0.925562
0.928726
0.097565
0.769742
0.061946
0.124325
0.522813
0.922052
0.921580
0.997726
0.774893
0.632805
0.554838
0.168717
0.626764
0.022810
0.367028
0.645161
0.214508
0.235141
0.012742
0.162279
0.421543
0.868372
0.729429
0.508623
0.433805
0.957704
0.133275
0.953519
0.800254
0.864333
0.852627
0.107331
0.904891
0.499454
0.322561
0.277721
0.653232
0.866478
0.888010
0.779856
0.048166
0.527626
0.815976
0.102086
0.767122
0.019914
0.690706
0.688746
0.756167
0.897439
0.262175
0.372054
0.113747
0.753597
0.713029
0.870918
0.524798
0.287969
0.896099
0.744075
0.664169
0.680280
0.466176
0.022641
0.529382
0.331625
0.614813
0.163559
0.931638
0.035296
0.219819
0.493654
0.835083
0.231878
0.168059
0.566602
0.872908
0.970545
0.947927
0.816735
0.864696
0.937465
0.975318
0.175186
0.345372
0.661537
0.446948
0.854402
0.927684
0.578323
0.877900
0.859871
0.849165
0.922306
0.192007
0.065675
0.796528
0.242689
0.866863
0.372900
0.333423
0.840110
0.733687
0.085059
0.589082
0.700894
0.929987
0.296100
0.548858
0.660065
0.706253
0.993137
0.649977
0.157237
0.685294
0.736928
0.549522
0.815936
0.431766
0.687105
0.179673
0.765556
0.707629
0.120817
0.573105
0.178040
0.314191
0.601903
0.184163
0.220177
0.519989
0.458104
0.352389
0.604241
0.470478
0.322218
0.513209
0.495375
0.766415
0.133342
0.071141
0.659476
0.815554
0.008766
0.334368
0.714617
0.564739
0.561859
0.163067
0.668158
0.730147
0.584774
0.293212
0.014694
0.956034
0.062984
0.576431
0.083509
0.541673
0.895908
0.520871
0.273037
0.939993
0.454495
0.696353
0.597044
0.523927
0.648683
0.411075
0.944066
0.923205
0.300563
0.556476
0.691655
0.645563
0.970136
0.075413
0.459597
0.452354
0.707670
0.810500
0.077610
0.385848
0.939766
0.649165
0.524539
0.932892
0.115434
0.095275
0.294458
0.957815
0.999434
0.481413
0.111305
0.695040
0.536552
0.830515
0.458404
0.396868
0.154050
0.125293
0.806099
0.103315
0.419964
0.326751
0.707734
0.890226
0.030862
0.696098
0.311966
0.217239
0.133885
0.208145
0.291773
0.827425
0.526382
0.904426
0.682124
0.460563
0.679673
0.262211
0.975225
0.599542
0.500174
0.420046
0.709138
0.490330
0.969496
0.320964
0.438776
0.510966
0.801890
0.366555
0.690901
0.967369
0.566376
0.079013
0.975440
0.223151
0.496084
0.684222
0.720219
0.721251
0.072766
0.978271
0.802686
0.746868
0.612711
0.828433
0.471168
0.922619
0.453550
0.816039
0.164954
0.387979
0.756300
0.130522
0.676190
0.727425
0.838589
0.163914
0.899745
0.017174
0.636733
0.572854
0.950712
0.624841
0.698778
0.360556
0.857329
0.124045
0.826146
0.043085
0.122888
0.384357
0.893584
0.473416
0.704291
0.021207
0.419250
0.338413
0.702310
0.724952
0.262583
0.235036
0.257859
0.838657
0.306963
0.125241
0.930086
0.947151
0.760645
0.158835
0.538084
0.569541
0.279924
0.689474
0.985965
0.106703
0.362850
0.414203
0.509617
0.136521
0.512110
0.032085
0.260415
0.794882
0.582468
0.543723
0.352618
0.443075
0.755562
0.732754
0.402917
0.825326
0.247309
0.517595
0.214764
0.546539
0.681013
0.777775
0.064867
0.216885
0.184952
0.493848
0.107898
0.441048
0.690484
0.961469
0.410715
0.885165
0.971447
0.106306
0.677095
0.943304
0.107079
0.674824
0.771878
0.957573
0.926568
0.821850
0.834818
0.790437
0.867901
0.813072
0.298992
0.161615
0.266564
0.138167
0.174467
0.265042
0.560951
0.896716
0.112472
0.320514
0.877940
0.536899
0.657066
0.316308
0.180319
0.628314
0.079900
0.884259
0.738061
0.587783
0.877079
0.070826
0.366370
0.573290
0.284075
0.453095
0.174912
0.744719
0.488155
0.414349
0.960852
0.034843
0.610232
0.170704
0.024707
0.249958
0.050356
0.330776
0.345518
0.127469
0.373236
0.979319
0.411250
0.879487
0.538328
0.677548
0.544156
0.633857
0.229660
0.900250
0.507039
0.803942
0.847448
0.064870
0.270339
0.588045
0.278199
0.688299
0.241279
0.181726
0.276198
0.056731
0.479617
0.923926
0.425495
0.290917
0.436618
0.234594
0.817792
0.624199
0.907866
0.505179
0.550745
0.367301
0.219642
0.525526
0.523543
0.180251
0.481477
0.190115
0.258371
0.440979
0.540649
0.692711
0.387989
0.925083
0.874461
0.060569
0.976170
0.496831
0.237726
0.463938
0.413658
0.343021
0.159847
0.556516
0.358321
0.297432
0.942691
0.810950
0.638415
0.833763
0.062168
0.864813
0.904052
0.396110
0.413731
0.574571
0.814652
0.854411
0.084430
0.017144
0.141293
0.704713
0.111396
0.236889
0.401581
0.368224
0.744944
0.272008
0.646471
0.244000
0.907375
0.250340
0.463314
0.920531
0.368946
0.880168
0.978641
0.012433
0.957955
0.343948
0.730456
0.775253
0.680460
0.486795
0.558126
0.425905
0.184641
0.261161
0.337359
0.989444
0.588230
0.384837
0.955613
0.995898
0.058343
0.567252
0.810948
0.604800
0.878963
0.737310
0.962496
0.668767
0.966404
0.357104
0.850612
0.236589
0.348423
0.943007
0.123826
0.145131
0.217498
0.493674
0.174559
0.814976
0.304514
0.974724
0.184598
0.544211
0.555200
0.252694
0.025595
0.176519
0.761432
0.379740
0.298225
0.261403
0.398830
0.129988
0.703367
0.494848
0.915167
0.208765
0.720793
0.375477
0.642868
0.679070
0.131570
0.305345
0.935965
0.761809
0.721526
0.683335
0.810031
0.187229
0.750135
0.521641
0.217813
0.783892
0.879379
0.721303
0.943888
0.923318
0.208678
0.258452
0.802838
0.299626
0.819220
0.638795
0.219298
0.743514
0.247191
0.546688
0.185114
0.213856
0.276940
0.537145
0.791933
0.018228
0.362168
0.959263
0.330606
0.496376
0.584922
0.789323
0.150693
0.695074
0.101459
0.228063
0.050560
0.763390
0.293247
0.599363
0.486497
0.558579
0.034537
0.459980
0.887688
0.363962
0.109544
0.111035
0.172784
0.977194
0.696428
0.863226
0.233444
0.500129
0.664018
0.158804
0.016206
0.366752
0.005830
0.981377
0.001039
0.470241
0.333751
0.357153
0.666683
0.944834
0.826579
0.309563
0.829206
0.457408
0.653720
0.075431
0.769389
0.112622
0.833138
0.558672
0.603168
0.447320
0.106810
0.151253
0.114172
0.881792
0.278167
0.153531
0.395753
0.425666
0.171334
0.604166
0.217374
0.412345
0.278256
0.646802
0.805731
0.921141
0.616505
0.593064
0.630126
0.525118
0.666234
0.401036
0.210277
0.117526
0.260295
0.781102
0.988814
0.005085
0.463123
0.703518
0.024206
0.823690
0.759214
0.105029
0.222333
0.748542
0.746317
0.346227
0.034969
0.724847
0.497220
0.782316
0.387753
0.962999
0.132289
0.377418
0.264184
0.148426
0.587566
0.221069
0.508472
0.896159
0.750663
0.396791
0.858794
0.752893
0.880881
0.965132
0.974939
0.800373
0.870795
0.458449
0.154992
0.956512
0.101644
0.327078
0.200069
0.558425
0.444635
0.975128
0.974467
0.862306
0.775340
0.137096
0.168386
0.065088
0.929808
0.290101
0.725961
0.234284
0.611683
0.555988
0.491937
0.978774
0.251651
0.497596
0.093892
0.037001
0.875084
0.531178
0.516029
0.899999
0.279172
0.038484
0.807556
0.594404
0.146551
0.083917
0.400163
0.537329
0.888475
0.601796
0.385921
0.177209
0.351924
0.793242
0.022551
0.008875
0.170144
0.612817
0.615929
0.912753
0.644576
0.391781
0.656460
0.129357
0.096054
0.384444
0.353836
0.925466
0.300912
0.421471
0.663174
0.962357
0.333848
0.982690
0.065281
0.170254
0.458979
0.064774
0.652206
0.624196
0.855414
0.938923
0.483875
0.494116
0.613617
0.061060
0.230525
0.428919
0.836965
0.878326
0.027448
0.312454
0.410900
0.990426
0.088111
0.874388
0.831289
0.467325
0.324479
0.520155
0.246725
0.713220
0.092197
0.557634
0.149347
0.079848
0.009623
0.732547
0.915002
0.431586
0.668209
0.582501
0.102205
0.757642
0.683261
0.570326
0.470049
0.111494
0.882094
0.354640
0.429819
0.965126
0.871287
0.713907
0.633908
0.096102
0.185700
0.061049
0.042747
0.442768
0.598470
0.485711
0.343120
0.824696
0.669423
0.989274
0.729445
0.787735
0.465943
0.110310
0.972930
0.031507
0.541716
0.616482
0.205025
0.855052
0.857639
0.334043
0.268638
0.994859
0.598410
0.468768
0.586005
0.980341
0.588581
0.279979
0.610692
0.904394
0.142363
0.693928
0.847417
0.538562
0.617162
0.641338
0.974127
0.157118
0.673917
0.525375
0.981718
0.732031
0.251751
0.176219
0.713306
0.533321
0.531329
0.046560
0.539190
0.170418
0.220240
0.569497
0.543956
0.270490
0.128281
0.024248
0.530145
0.149198
0.575042
0.735141
0.515994
0.316230
0.875554
0.437502
0.094216
0.486165
0.980843
0.025994
0.880932
0.818418
0.145367
0.181836
0.118729
0.472042
0.618200
0.089884
0.685130
0.976317
0.962435
0.639427
0.853432
0.633918
0.267961
0.623990
0.398319
0.540994
0.478534
0.723243
0.538438
0.533438
0.494472
0.590725
0.311394
0.593560
0.955771
0.634918
0.074354
0.659475
0.800832
0.586187
0.040756
0.993719
0.429565
0.699629
0.672144
0.723625
0.973608
0.427437
0.925804
0.992498
0.910218
0.032844
0.015096
0.717446
0.109681
0.415619
0.316032
0.542789
0.648875
0.635023
0.831287
0.445998
0.884006
0.495652
0.425116
0.922498
0.428414
0.361055
0.242994
0.997142
0.971481
0.689386
0.505388
0.051018
0.459207
0.899546
0.669178
0.875570
0.705704
0.762678
0.324952
0.462214
0.426453
0.393288
0.990371
0.160349
0.990368
0.109580
0.704736
0.497855
0.441330
0.436785
0.053088
0.258360
0.257670
0.662575
0.904854
0.884599
0.450849
0.412398
0.181568
0.606772
0.016413
0.860717
0.078279
0.643391
0.472685
0.411875
0.378100
0.720392
0.636558
0.635774
0.449578
0.059527
0.477270
0.471700
0.853884
0.220472
0.475200
0.687902
0.572900
0.724717
0.317475
0.798327
0.482652
0.938807
0.530695
0.397556
0.726989
0.499536
0.707687
0.098542
0.194364
0.684126
0.099221
0.614571
0.098433
0.362947
0.052473
0.920196
0.731800
0.368275
0.599591
0.330011
0.503260
0.297056
0.622468
0.812446
0.782449
0.626478
0.215760
0.279097
0.789005
0.799679
0.204715
0.652989
0.794465
0.566066
0.864350
0.136427
0.930604
0.665084
0.070538
0.528124
0.175735
0.585105
0.858841
0.534278
0.613649
0.600500
0.604110
0.281356
0.755958
0.392932
0.008324
0.909671
0.840375
0.174495
0.730656
0.138581
0.124150
0.584771
0.241769
0.416812
0.362251
0.355667
0.697380
0.864778
0.317410
0.718124
0.505595
0.536632
0.180837
0.330681
0.761133
0.354562
0.120600
0.929312
0.946174
0.343888
0.732132
0.946535
0.421166
0.534617
0.302089
0.211056
0.220441
0.956742
0.967127
0.498331
0.446728
0.151832
0.847029
0.012051
0.545638
0.540291
0.666665
0.631865
0.761969
0.408334
0.869080
0.628351
0.694818
0.808273
0.648226
0.728649
0.398923
0.694095
0.661866
0.974094
0.602682
0.273930
0.933140
0.289072
0.435399
0.745073
0.441517
0.579034
0.817339
0.017195
0.992387
0.044560
0.923369
0.062786
0.240348
0.522860
0.705823
0.773374
0.092717
0.292355
0.607796
0.222553
0.451808
0.533835
0.161372
0.187092
0.460711
0.167089
0.259727
0.236751
0.077720
0.247404
0.123440
0.664287
0.668968
0.349681
0.090616
0.986554
0.019418
0.363018
0.247583
0.135059
0.931315
0.619370
0.755046
0.054641
0.357290
0.975916
0.221528
0.221735
0.700188
0.064742
0.117007
0.544091
0.541061
0.608302
0.729112
0.189118
0.514582
0.576261
0.225108
0.389923
0.430898
0.109139
0.293219
0.133247
0.490449
0.972405
0.208630
0.441622
0.335427
0.527754
0.963602
0.254993
0.667980
0.743965
0.815557
0.060107
0.222258
0.485530
0.309604
0.514936
0.535329
0.280840
0.082690
0.769196
0.878609
0.788322
0.327435
0.195655
0.369477
0.791835
0.374941
0.635867
0.020972
0.479706
0.425071
0.162487
0.925346
0.283821
0.187333
0.503484
0.063856
0.233750
0.631597
0.256344
0.366776
0.396303
0.664703
0.661774
0.442623
0.156760
0.668877
0.816675
0.863288
0.282859
0.007528
0.514856
0.179043
0.176768
0.947169
0.077284
0.914668
0.818209
0.636579
0.976816
0.340234
0.317047
0.615418
0.336837
0.219387
0.236668
0.684102
0.708083
0.750533
0.211246
0.405304
0.944249
0.996941
0.583016
0.746320
0.403117
0.183151
0.219934
0.425029
0.467365
0.002078
0.930315
0.799916
0.182992
0.546845
0.825027
0.225175
0.508170
0.813144
0.508785
0.141369
0.981663
0.816910
0.801259
0.757105
0.670680
0.125785
0.071590
0.213676
0.245576
0.400277
0.449303
0.438581
0.226403
0.154500
0.680542
0.862185
0.745939
0.994017
0.441525
0.709930
0.786846
0.516208
0.915843
0.576606
0.015760
0.883992
0.252737
0.755247
0.444508
0.845620
0.331540
0.187769
0.826344
0.368399
0.687541
0.507283
0.913537
0.813851
0.397133
0.620012
0.533342
0.871103
0.628095
0.388648
0.007246
0.777085
0.463613
0.938924
0.503308
0.102444
0.781632
0.889337
0.091575
0.104578
0.648748
0.499418
0.720423
0.154914
0.646558
0.701278
0.375065
0.716938
0.576528
0.712905
0.788400
0.634751
0.267786
0.682496
0.709872
0.814278
0.578352
0.353665
0.042012
0.096702
0.263825
0.112370
0.594612
0.638747
0.428827
0.295374
0.354044
0.424714
0.161368
0.117078
0.723658
0.521876
0.175647
0.101045
0.268840
0.386268
0.999683
0.678640
0.906321
0.540096
0.391752
0.170568
0.737318
0.095231
0.549654
0.032669
0.063342
0.582959
0.784389
0.225114
0.488605
0.990869
0.536646
0.412733
0.795344
0.346829
0.157971
0.013845
0.690003
0.878152
0.105449
0.284637
0.897042
0.587722
0.841721
0.805294
0.582691
0.288688
0.973471
0.123377
0.595588
0.052460
0.687330
0.956452
0.087519
0.923566
0.373630
0.591630
0.531545
0.681682
0.027187
0.930024
0.905664
0.501026
0.736189
0.130428
0.102190
0.505163
0.274216
0.742632
0.416793
0.040415
0.258743
0.695321
0.254053
0.863074
0.678464
0.936887
0.261745
0.154036
0.889414
0.388702
0.914510
0.163637
0.254983
0.496818
0.012538
0.727160
0.381722
0.602776
0.848125
0.443847
0.743578
0.322934
0.547206
0.892255
0.133139
0.666490
0.696265
0.121476
0.652427
0.332447
0.432503
0.074659
0.796133
0.602711
0.760487
0.505891
0.516348
0.255450
0.351456
0.915172
0.295779
0.157922
0.195449
0.915035
0.985216
0.519804
0.347388
0.553887
0.179249
0.637143
0.459432
0.681255
0.859947
0.122860
0.908099
0.424563
0.622745
0.467813
0.536508
0.095885
0.532382
0.747694
0.500767
0.395786
0.983115
0.213370
0.104450
0.490321
0.824364
0.084220
0.493681
0.302919
0.166240
0.987404
0.295538
0.100059
0.693826
0.133951
0.312915
0.165947